156 10
-0.000264445  -0.00014556 -0.000107143  0.000129157   0.00035473  0.000393166 -7.31828e-05 -0.000649649  0.000771826  0.000323631
   0.0090921   0.00791069   -0.0079447    0.0045717  -0.00122426   0.00181654  0.000526967 -0.000794647  0.000351056  -0.00132059
  -0.0024615  -0.00596453 -8.18508e-05   0.00182143  -0.00124995  0.000209578  0.000839048 -0.000441173  0.000153572 -8.79335e-05
  -0.0028175   -0.0028661  0.000477837   0.00032928  0.000661575   0.00150866   0.00071455   -0.0015544  0.000512462      0.00113
   0.0122691   0.00904186  -0.00925879   0.00465868  -0.00189277   0.00159226  0.000609102 -0.000827952  0.000625887  -0.00167062
 -0.00275703  -0.00894891 -7.59186e-05   0.00255054  -0.00173148 -0.000256866  0.000236707 -0.000487531  0.000595784  -5.8187e-05
  0.00222869   0.00279449 -0.000690135  -4.1248e-05 -0.000211402  -0.00106145 -0.000772627  0.000289862   0.00111992 -0.000401296
   0.0124757   0.00920492  -0.00926813   0.00446075   -0.0020128   0.00166357   0.00103086 -0.000898099  0.000734375  -0.00163782
 -0.00277964   -0.0095985 -1.57447e-05   0.00280663  -0.00164664 -0.000113538 -3.86809e-05 -0.000408231  0.000166397 -0.000155784
-0.000516879 -0.000154373 -0.000156354  0.000231932  0.000322194  0.000470659 -0.000184593 -0.000664029  0.000689185  0.000291658
  0.00373229   0.00454729  -0.00553192    0.0049246 -6.27541e-05   0.00167847 -0.000257095 -0.000599711  2.54038e-06 -0.000721023
 8.56697e-05  -0.00107728 -0.000501273  0.000765003 -8.11764e-05 -0.000100455 -6.69838e-05 -0.000474904  0.000201508 -0.000820847
 -0.00415646  0.000645183  -0.00013191  0.000859308  3.23318e-06   0.00137128   0.00131012  -0.00147629   0.00109266   0.00112736
   0.0270948  -0.00361353  -0.00795988  0.000234289  -0.00105492   0.00070346  0.000107745 -0.000823826 -0.000795979 -0.000417193
 -0.00205671  -0.00722608 -0.000117979   0.00228384  -0.00276122  -0.00198306   0.00014809  0.000450679  0.000521624 -1.24201e-06
  0.00438294 -0.000320975 -0.000309069 -0.000725191  8.82474e-05  -0.00100072 -0.000625054  0.000557215  0.000551433 -0.000426829
   0.0287964 -0.000933536  -0.00829167   9.0948e-05  -0.00162844  0.000307858  0.000586763 -0.000917292 -0.000676698 -4.65259e-05
  -0.0016765  -0.00850584  0.000101066   0.00230878   -0.0023627  -0.00180198 -0.000242783  0.000175287  0.000572422 -0.000140441
-0.000626053 -0.000379994   0.00022451  2.85046e-05  0.000299001  0.000209271 -0.000402992 -0.000457222  0.000563489  0.000278493
-0.000908416   0.00321909  -0.00128598   0.00254054  0.000799738  0.000616215 -0.000327759   0.00106579 -0.000529866  4.71142e-05
-0.000857597  -0.00023585  0.000566657 -1.56376e-05  0.000993009 -0.000162686 -0.000544531 -0.000450421  0.000320496 -0.000433202
 -0.00288238   0.00163065 -0.000317368  0.000746579 -0.000238031   0.00119132   0.00141692  -0.00124413   0.00139362   0.00110835
   0.0493592   -0.0112258  -0.00528869  -0.00547288  0.000612399 -0.000128846 -0.000632384 -7.05332e-05 -0.000317872  0.000587043
 7.17877e-05  -0.00569206 -0.000720255   0.00212455  -0.00346714   -0.0027287  0.000323152  0.000851492  0.000769105  3.56409e-05
  0.00313785 -0.000580949 -0.000149401 -0.000737982  0.000432568 -0.000993915 -0.000412011  0.000478287   0.00029558 -0.000567805
   0.0515661  -0.00834588  -0.00591947  -0.00545733 -0.000334206 -0.000746662  8.53412e-05 -0.000156571 -0.000470428   0.00128271
 1.86705e-05  -0.00768789 -0.000545314   0.00209367  -0.00280999  -0.00234621  -0.00019821  0.000471677  0.000931151 -0.000481989
-0.000192719 -0.000192346   0.00017841  -5.4647e-05  0.000160801   6.7321e-05 -0.000269871 -0.000180443  0.000494696  0.000178333
 -0.00304397   0.00255584  0.000548145   0.00146665   0.00103311  9.87109e-05 -0.000148022    0.0014906 -0.000842425  0.000386788
 -0.00100227  -0.00157495  0.000856422 -0.000224827   0.00165283  0.000130537 -0.000277971 -0.000296157  0.000100103 -0.000290992
 -0.00440037   0.00156233 -0.000267854  0.000760745 -0.000347803   0.00130499   0.00168263  -0.00140153   0.00116389   0.00115223
   0.0517527   -0.0110545  -0.00510977  -0.00562538  0.000948478 -0.000148135  -0.00136419 -1.12806e-05  0.000171233  0.000557755
 -0.00470663  -0.00670007 -0.000736706   0.00227472  -0.00387818  -0.00251025   0.00154301  0.000582725 -0.000174011  0.000139046
  0.00463155 -0.000215557 -0.000256262 -0.000726389  0.000432969  -0.00115109 -0.000564292  0.000627786  0.000477775 -0.000536552
   0.0540443  -0.00835234  -0.00569108  -0.00563926 -5.77821e-05 -0.000795169 -0.000370874 -5.28165e-05 -8.49339e-05    0.0012992
 -0.00503757  -0.00850897 -0.000601221    0.0022904  -0.00317315  -0.00208003  0.000779632  0.000148576 -1.24907e-05 -0.000355568
-2.09685e-05 -0.000136523  0.000167878  0.000106139 -2.71456e-05   1.3855e-05 -0.000335969 -3.24258e-05  0.000784773  0.000979184
  -0.0137805 -0.000908026   0.00414538  -0.00040942  5.65938e-05 -0.000706395  0.000618722 -0.000522699 -0.000358276 -0.000264273
  0.00093215   0.00451326 -0.000715451 -0.000962845  0.000117301   0.00125361 -0.000345564  0.000967696 -0.000616014 -0.000133946
 -0.00293995  -0.00295448 -0.000204533  -0.00078182  0.000868567  0.000445502  0.000594138  0.000599197   0.00112847 -0.000463104
 -0.00859406  0.000362423   0.00179987   0.00117323  0.000979591 -0.000286604  0.000105476  0.000741567 -0.000862295  0.000364991
-0.000121635 -0.000419006  -0.00017443  -0.00061488   0.00194105  0.000756557    0.0013881  0.000326425  -0.00040753 -0.000463354
  0.00243413   0.00266892  0.000346266  0.000897981 -0.000540736 -0.000349424 -0.000982539 -0.000764911 -0.000740926  0.000996081
 -0.00838932  0.000422778   0.00179958   0.00130088   0.00109464 -0.000114915 -0.000167845  0.000349724 -0.000661045  0.000166429
-0.000115195 -0.000152593 -0.000232537 -0.000324016   0.00208605    0.0006689  0.000370842 -4.33842e-05 -0.000239509 -0.000396212
-0.000111914 -0.000141916  1.19295e-05   0.00015762 -0.000470051  9.93296e-05  0.000123979  0.000186149   0.00110036   0.00124097
  -0.0165559   0.00283667   0.00572799  -0.00303591  -0.00200959 -0.000413796  0.000418987  -0.00111075   0.00011959 -0.000478449
 -0.00132513    0.0049695  0.000591534  -0.00185987  -0.00154477   0.00222666   -0.0013496   0.00125666  7.88242e-05  0.000214622
 -0.00622148  -0.00784919 -0.000776172  -0.00220969   0.00148682  0.000785909   0.00211752   0.00125126   0.00133619  -0.00179464
  -0.0103395   0.00118158  0.000943453  0.000571707    0.0010535 -0.000320831   0.00093055   0.00134992 -0.000340165  0.000434604
 0.000930719   0.00258942 -0.000402638 -0.000369521   0.00175356  1.94346e-05   0.00139028  3.70521e-05  -0.00057264   1.6197e-05
  0.00583308   0.00691791  0.000720543   0.00227566  -0.00114021 -0.000769073  -0.00242258   -0.0011897   -0.0015646   0.00157764
  -0.0105068   0.00111195  0.000710075  0.000747844   0.00125396  9.21872e-06   0.00107762   0.00067052   4.0607e-05  9.77792e-05
 0.000288307   0.00218072 -0.000410088  -0.00018884   0.00204732  0.000243327  0.000118643 -0.000383101 -0.000408874  -9.0964e-05
  -0.0184488  -0.00317253  -0.00389134  -0.00246995    0.0015608  0.000681029 -0.000258179  0.000844181   0.00105373  -0.00200573
 -0.00863209 -0.000489806   0.00175623  0.000949334   0.00115319 -0.000601902  0.000512892   0.00113656 -7.90323e-05  0.000658369
  0.00277039   0.00437263  8.13791e-06 -0.000762979   0.00218798 -0.000204841   0.00046637 -0.000571438 -0.000323244  0.000215612
   0.0184681   0.00397778   0.00417949   0.00229582 -0.000915773 -0.000713831  -0.00103568 -0.000651418  -0.00242479  0.000727234
 -0.00882695  -0.00246474   0.00182456  0.000976694   0.00153438 -8.18938e-05  0.000389202  0.000690428 -3.00735e-05 -0.000119543
  0.00252878   0.00476246 -0.000374047 -0.000161744   0.00228069 -0.000599428  -0.00128225  -0.00100973  0.000363058  3.75321e-05
  -0.0303777  -0.00118608  -0.00765887  -0.00184237  0.000639945 -4.34946e-05 -0.000622486  0.000489214 -0.000816234  -0.00114723
 -0.00990587 -0.000865575    0.0013472  0.000862072  0.000768075 -0.000466064  0.000917611   0.00142181 -0.000228664  0.000865667
  0.00223414   0.00326405  2.26311e-05 -0.000958676   0.00196957  -4.0351e-05   0.00146682 -0.000370923 -0.000386561  2.06482e-05
   0.0305637  0.000270571   0.00797273   0.00148172  -0.00025066 -0.000284201  0.000109011  0.000105752  -0.00181149  -0.00102575
 -0.00945121  -0.00102366   0.00129787   0.00122463   0.00122279 -0.000189295 -0.000600251  0.000656652  8.23417e-05  0.000438435
  0.00281549   0.00427551 -0.000509861 -0.000526411   0.00201116 -0.000728746 -0.000418636 -0.000666307  0.000466048 -0.000143066
  -0.0347788  -0.00141469  -0.00904594  -0.00167281 -1.83552e-05 -0.000871316  -0.00070068  0.000168791  -0.00220304 -0.000613769
  -0.0090721 -0.000465366   0.00193631   0.00130255   0.00135654 -0.000798133  -0.00050922   0.00108497  0.000419584  0.000838801
  0.00233656   0.00273013 -7.40937e-05  -0.00102819   0.00186192 -0.000456007   0.00243287 -0.000407919  -0.00077005  0.000122438
  -0.0359817  -0.00120171  -0.00926771  -0.00182422 -0.000253509  -0.00100487 -0.000512479  0.000175082  -0.00265802  -0.00057952
 -0.00919723 -0.000536635   0.00199237   0.00121182   0.00148054 -0.000701401 -0.000606261  0.000994046  0.000265227  0.000614823
  0.00212838   0.00258213 -0.000275799 -0.000915041    0.0016626 -0.000457199   0.00283528 -0.000481161 -0.000582511  0.000464479
  -0.0369592  -0.00103968  -0.00948677  -0.00191717 -0.000451394  -0.00108558 -0.000355271  0.000166998  -0.00290503 -0.000504185
 -0.00912289 -0.000764983   0.00196052   0.00113781   0.00156594 -0.000556421 -0.000686092  0.000941212  0.000168324  0.000366238
  0.00191666   0.00262354 -0.000424151 -0.000839053   0.00157122 -0.000335825   0.00297031 -0.000558577 -0.000398912  0.000685249
  -0.0350462  -0.00134047  -0.00910688   -0.0016866 -4.29094e-05 -0.000887736 -0.000812232  0.000160143  -0.00221532 -0.000611972
 -0.00938156 -0.000702024   0.00205309   0.00129172   0.00140215 -0.000824284 -0.000479288   0.00113862  0.000460719  0.000899829
  0.00312219   0.00312573  -0.00013666 -0.000921505   0.00186128 -0.000483653   0.00248292 -0.000297452 -0.000751761  0.000221366
  -0.0363025  -0.00118428  -0.00941293  -0.00168874 -0.000300365  -0.00100261 -0.000596801  0.000163518   -0.0024847 -0.000489032
 -0.00956187  -0.00113784   0.00209074   0.00130467   0.00152236  -0.00070634 -0.000482327   0.00115821  0.000461715  0.000875004
  0.00319137    0.0029078 -0.000170542 -0.000846427   0.00179709 -0.000471517   0.00270043 -0.000161765  -0.00072755  0.000350195
  -0.0373167  -0.00104488  -0.00970444  -0.00169829 -0.000511519  -0.00108085 -0.000474335  0.000129745  -0.00269903 -0.000378732
 -0.00937421  -0.00148451   0.00206796   0.00123477   0.00144663 -0.000600121 -0.000294174   0.00120302     0.000372  0.000875547
  0.00323579    0.0027848 -0.000167669 -0.000822634   0.00172092 -0.000407306   0.00287578 -4.05093e-05 -0.000677249  0.000416096
  -0.0340695  -0.00109964  -0.00881512  -0.00164808  0.000280869 -0.000702628  -0.00144094  5.90222e-05  -0.00192089 -0.000911645
 -0.00890524 -0.000145402   0.00178044   0.00107733  0.000938627 -0.000860452  8.42217e-05   0.00136455  0.000361494  0.000888175
  0.00448149    0.0038321 -0.000185755 -0.000971407   0.00209217 -0.000454653   0.00187524  -0.00024854 -0.000945001 -4.19972e-05
  -0.0347599   -0.0011195  -0.00896243  -0.00168633  0.000221344 -0.000753155   -0.0015042  3.07051e-05  -0.00215766  -0.00100172
 -0.00885808 -0.000350397     0.001715   0.00101543   0.00100357  -0.00085815  0.000247328   0.00148552  0.000380691  0.000648581
  0.00503218   0.00377907 -8.38756e-05  -0.00108476    0.0022352 -0.000523907   0.00164668 -0.000199703  -0.00114256 -0.000218781
  -0.0354517  -0.00112759  -0.00909957  -0.00176073  0.000148026 -0.000811417  -0.00149744   1.1569e-05  -0.00242837  -0.00108069
 -0.00880641 -0.000511193   0.00166339  0.000951212   0.00105241 -0.000767424  0.000478805   0.00161761  0.000348575  0.000474894
  0.00549409   0.00355394   0.00011019  -0.00118754    0.0024133 -0.000599266    0.0014421 -0.000148326  -0.00132464 -0.000455845
  -0.0346395   -0.0012281  -0.00898129  -0.00164841  0.000139642 -0.000763203  -0.00117819  7.41436e-05  -0.00202845 -0.000754285
 -0.00924301 -0.000495502   0.00197745   0.00117932   0.00115507 -0.000869643 -0.000180442   0.00126717  0.000413777  0.000913007
  0.00391572   0.00362077 -0.000196494 -0.000962802   0.00194017 -0.000466797   0.00226478 -0.000253486  -0.00083318  7.47482e-05
  -0.0359579   -0.0011663  -0.00925142  -0.00166811 -3.64557e-05 -0.000869346  -0.00101949   3.0119e-05  -0.00227225  -0.00064324
 -0.00945268 -0.000862334   0.00208337   0.00114743   0.00128314 -0.000799079 -5.20463e-05   0.00129903  0.000441737  0.000873014
   0.0040239   0.00355546  -0.00017653  -0.00101422   0.00207648 -0.000331328   0.00217649 -0.000300383 -0.000808065  2.40199e-07
  -0.0370602  -0.00110172  -0.00949097  -0.00170532 -0.000193462 -0.000942529 -0.000865471  2.63144e-05   -0.0025047 -0.000597917
 -0.00945117  -0.00117068   0.00200536   0.00107161   0.00122696 -0.000681015   0.00027889   0.00142012  0.000394934  0.000936725
   0.0043263    0.0034826 -0.000107531  -0.00106978   0.00210613 -0.000255419   0.00218465 -0.000219852  -0.00088378 -0.000106579
  -0.0322609  -0.00120657   -0.0086286  -0.00161528  0.000255298 -0.000533282 -0.000674337  0.000303506  -0.00143498  -0.00064141
 -0.00915034 -0.000593193   0.00149404   0.00115119   0.00111294 -0.000623748  -0.00028659   0.00120868  0.000325424  0.000910594
  0.00165369   0.00235904  0.000119028  -0.00126491   0.00196565 -0.000227279   0.00204201 -0.000291548 -0.000711299 -0.000186593
    -0.03327  -0.00143488  -0.00889048  -0.00149345  0.000164956 -0.000748554 -0.000475068  0.000158255  -0.00176205   -0.0004963
 -0.00930294 -0.000403478   0.00153642   0.00113565   0.00124068 -0.000474417 -0.000681758   0.00112923  0.000464255  0.000804142
  0.00113438   0.00224473 -1.88181e-05  -0.00141123   0.00175362 -0.000183022   0.00253379 -2.71631e-05  -0.00075836 -0.000169019
  -0.0343324  -0.00133472   -0.0090361  -0.00150861  0.000260522 -0.000913366 -0.000329429 -0.000101008  -0.00216892 -0.000489701
 -0.00913178  0.000394491    0.0015109   0.00108027   0.00137449 -0.000377554  -0.00113696  0.000871665   0.00062432  0.000748945
 0.000800763   0.00219701 -0.000130093  -0.00138901   0.00145901 -0.000121281   0.00270185  0.000175921 -0.000503587 -5.70463e-05
   0.0350467   0.00101712   0.00927982   0.00144803  0.000159461  8.97867e-05  0.000299373  0.000659995  -0.00115623  -0.00189649
 -0.00896822  -0.00199151   0.00163279   0.00135256   0.00169026 -8.55016e-05 -0.000750766  0.000833533  0.000657959 -8.44143e-05
  0.00150097   0.00248013 -0.000177284 -0.000356811   0.00220684 -0.000992314 -0.000364669  -0.00128749  0.000239562 -2.18961e-06
   0.0364433   0.00091921   0.00951664   0.00150753  0.000349693  0.000117711  0.000133221  0.000805919 -0.000940186  -0.00210266
 -0.00923435  -0.00222377   0.00175748   0.00136238   0.00185191  7.04535e-05   -0.0013243  0.000639487  0.000651566 -0.000124558
  0.00120239   0.00215248 -0.000166208 -0.000100487    0.0020302 -0.000970042 -0.000252196  -0.00128758  0.000163637   5.8454e-06
    0.037422   0.00067312   0.00972625   0.00150857  0.000521901  0.000185395     1.86e-05   0.00089374 -0.000784722  -0.00221977
 -0.00919485   -0.0021074   0.00177906   0.00133834    0.0019145   8.8296e-05  -0.00170604  0.000467396   0.00064572 -0.000170745
  0.00100465   0.00212153 -0.000223408  4.32102e-05    0.0019603 -0.000834886  -0.00023027  -0.00129914  0.000165883 -2.02326e-05
   0.0353725   0.00114669   0.00936546   0.00138164  0.000214712  0.000120981  0.000253168  0.000650957  -0.00106367  -0.00196114
 -0.00913499   -0.0022647   0.00170928   0.00135445   0.00173141 -6.24752e-05 -0.000587233  0.000907053  0.000516977 -0.000128584
  0.00232456   0.00301441  -0.00023679 -0.000328514   0.00215885  -0.00103896 -0.000229555  -0.00112744  0.000227268  0.000119198
   0.0366153   0.00102548   0.00963557   0.00131939  0.000416439  0.000183096  4.60867e-05  0.000732209 -0.000906496  -0.00209735
 -0.00932084    -0.002623   0.00181085   0.00150882   0.00189711 -0.000180056 -0.000746329  0.000827532  0.000521749 -0.000141369
  0.00247663   0.00307982 -0.000300016 -0.000271178   0.00214076  -0.00101464 -5.75859e-05  -0.00109442  0.000298858  0.000167757
   0.0376136  0.000795636   0.00987442   0.00128093  0.000568629  0.000249404 -4.98348e-05   0.00080702 -0.000765861  -0.00219933
 -0.00927534   -0.0027358   0.00184311   0.00153554   0.00186305 -0.000241725 -0.000786978  0.000782451  0.000494986 -0.000100388
  0.00255576   0.00312722 -0.000337268 -0.000264474   0.00213292 -0.000969361  1.53895e-05  -0.00108941  0.000386086  0.000142199
   0.0346821   0.00112851    0.0091537   0.00134319  4.57506e-05  9.67912e-05  0.000582533  0.000503816  -0.00118095  -0.00182302
   -0.008478  -0.00152314   0.00153539  0.000930271   0.00137591  0.000131817  0.000277082   0.00110315  0.000237953  -0.00013212
  0.00368817   0.00400396  -0.00042325 -0.000508619   0.00214363  -0.00102483 -0.000422115 -0.000914006  0.000225392  0.000204993
   0.0353615   0.00112874   0.00933696   0.00141654  0.000133218  0.000171746  0.000653832  0.000491382  -0.00109006  -0.00190654
 -0.00824858  -0.00137667   0.00162003    0.0007656   0.00141709  4.27357e-05  0.000503927   0.00112325  0.000211752 -0.000266933
  0.00408071   0.00417134  -0.00032778 -0.000672124   0.00222517 -0.000956663 -0.000636173 -0.000931243   0.00024721  0.000181563
   0.0360123   0.00108599     0.009473   0.00148899  0.000195529  0.000246622  0.000656306  0.000479984 -0.000981503  -0.00197688
 -0.00805899  -0.00117937   0.00172616  0.000641406   0.00143222    9.404e-07  0.000617078   0.00114086  0.000169913 -0.000300339
  0.00454416   0.00424316  -0.00019645 -0.000802832   0.00234946 -0.000880998 -0.000857738 -0.000936663  0.000310259  9.87862e-05
   0.0350239   0.00118589   0.00929024   0.00133799  0.000130143  0.000123981  0.000377561  0.000569397  -0.00110478  -0.00189614
 -0.00880594  -0.00190537   0.00164569   0.00112768   0.00149638 -2.68981e-05 -5.08126e-05   0.00101269   0.00033321 -0.000118165
  0.00319395   0.00368895 -0.000333935  -0.00044287   0.00211996  -0.00106718 -0.000258795 -0.000997818  0.000218886   0.00016416
   0.0361187   0.00113443   0.00957302   0.00131353  0.000273162  0.000229551  0.000183682   0.00065411  -0.00096306  -0.00201975
 -0.00879221  -0.00189101    0.0017857   0.00115754    0.0015892 -0.000282526 -0.000131551  0.000934322  0.000212195 -0.000103515
   0.0034752   0.00372352 -0.000224647 -0.000477846   0.00220664  -0.00104503  -0.00033826  -0.00108453  0.000292063  0.000137341
   0.0370776   0.00103116   0.00981693   0.00131303  0.000397298  0.000327075  4.94854e-05  0.000725163 -0.000836172  -0.00210463
 -0.00860087  -0.00171607   0.00178208   0.00109934   0.00153393 -0.000461585 -8.35691e-05  0.000982874  6.78112e-05  3.55134e-06
  0.00385205   0.00377076 -0.000133491 -0.000528015   0.00227581  -0.00104262 -0.000404674  -0.00112217  0.000367879  9.89729e-05
   0.0322168   0.00057783   0.00891034   0.00142888  2.78395e-05 -8.68697e-05  5.38191e-06  0.000234213  -0.00155955  -0.00145645
 -0.00885729 -0.000472782   0.00148955    0.0013841   0.00155171 -0.000476065  -0.00123352  0.000583558  0.000624349  0.000243161
  0.00169926   0.00331043 -0.000238694 -0.000694698   0.00209816 -0.000999629 -0.000336896  -0.00103119  0.000478558 -0.000162937
   0.0330646  0.000622321   0.00924401   0.00136585  0.000106112  0.000115649 -0.000160567  0.000382707  -0.00135923  -0.00161507
 -0.00874892 -0.000135171   0.00161473   0.00115147   0.00160064 -0.000480331  -0.00119464  0.000479962  0.000920474  0.000281477
  0.00070317   0.00302624 -0.000201312  -0.00080096   0.00200956 -0.000888926 -0.000201744 -0.000973263  0.000497594 -0.000150774
   0.0340347  0.000362274   0.00947703   0.00136298  6.26317e-05  0.000320616  -0.00024677  0.000713212  -0.00123223  -0.00173868
 -0.00835297  0.000539805   0.00172006   0.00083684    0.0016088 -0.000498984  -0.00107795  0.000261551   0.00114837  0.000271113
-0.000116469   0.00280563 -7.50426e-05 -0.000855162   0.00186899 -0.000768858 -0.000132655 -0.000813636   0.00054132 -0.000167434
