63 1
 -0.449072
0.00927105
  0.125689
 -0.490822
-0.0406531
-0.0586449
  0.385197
 0.0308464
  0.017655
  0.479443
  -0.10272
 -0.104614
  0.441642
0.00112607
 0.0603334
-0.0858738
-0.0209476
-0.0261879
 0.0856029
  0.209628
-0.0915464
-0.0594193
 -0.275133
  0.135519
 0.0189364
 0.0553291
 0.0288123
 -0.253684
  0.032127
  0.142851
-0.0310602
  0.129232
 -0.335321
-0.0475953
0.00737413
  -0.13789
-0.0958248
-0.0225704
-0.0741822
-0.0189901
  0.164808
 0.0673868
 -0.238241
 0.0273449
  0.170409
0.00400931
 -0.146144
 -0.519326
 -0.143256
  0.185637
  0.452931
  0.091417
 -0.698678
   0.20025
 0.0178055
  0.643593
 -0.192858
 0.0871663
 -0.161814
 -0.178029
 0.0342462
  0.145841
  0.120843
