63 1
 -0.0505926
  0.0460554
  0.0886133
 -0.0923291
  -0.049543
 -0.0658404
   0.160665
 0.00822017
  0.0093087
  0.0723668
 -0.0352713
 -0.0618363
   0.166325
   0.017071
  0.0519066
  0.0271183
 -0.0370522
 -0.0202025
  0.0131015
   0.118831
 -0.0908041
 -0.0621096
  -0.189304
   0.160335
  0.0142116
 -0.0153607
-0.00290449
   -0.13723
   0.175785
   0.152012
  0.0248629
   0.131863
  -0.211164
 -0.0647842
  0.0254208
  0.0611976
 -0.0269063
  -0.192944
    -0.2921
 -0.0724496
   0.266756
   0.201173
   0.181314
 -0.0578159
 0.00207703
  0.0557479
  -0.345807
    -0.6812
  0.0409546
   0.413458
   0.575103
   0.160161
   -1.03612
   0.275566
 0.00650226
    1.13015
  -0.340645
 -0.0133381
  -0.161716
  0.0905809
 -0.0433419
   0.115087
   -0.10459
