63 1
  -0.328878
  0.0112319
   0.167769
  -0.405947
 -0.0339078
  -0.157985
    0.29954
-0.00649369
 0.00561735
   0.513922
 -0.0745913
  -0.125406
   0.638772
  0.0381929
  0.0847667
 -0.0319298
-0.00681939
  0.0146313
 -0.0639149
   0.108404
  -0.100911
  -0.122352
  -0.193559
   0.238413
   0.020626
 -0.0274689
 0.00837671
  -0.229247
   0.190353
    0.20579
 -0.0923602
   0.147158
  -0.362466
  -0.192785
   0.108646
  0.0449189
 -0.0234112
  -0.040358
  -0.325001
 -0.0605596
   0.102505
   0.322363
   0.143685
 -0.0185823
 -0.0289535
 0.00316908
  -0.254945
  -0.650858
  0.0775535
   0.252549
   0.634914
   0.049385
   -1.05252
   0.339919
   -0.14108
     1.0118
  -0.355269
 -0.0187638
 -0.0824327
   0.141671
0.000403516
  0.0887805
  -0.106062
