63 1
-0.00848684
  0.0620598
  0.0819359
 -0.0328734
 -0.0496748
 -0.0482422
  0.0410463
   0.027434
 0.00316597
  0.0241152
  -0.041584
 -0.0311018
  0.0841685
  0.0127725
  0.0306431
  0.0667668
 -0.0339031
  0.0254624
  0.0164475
   0.161269
 -0.0545684
  -0.054351
  -0.156593
  0.0532315
 -0.0562862
 0.00104649
-0.00542973
  -0.131847
   0.102801
    0.11248
  0.0880414
  0.0408176
  -0.036976
  0.0206729
  0.0208036
   0.049401
 0.00527056
 0.00177894
  -0.471589
  0.0229053
   0.105133
   0.491998
   0.176763
 -0.0139398
   0.015992
   0.239955
  -0.259948
  -0.904539
   0.241358
   0.237042
   0.859882
   0.133707
   -0.29596
  0.0752201
  0.0220118
   0.275046
 -0.0795683
   0.123851
  -0.138517
 -0.0739218
  0.0494245
  0.0830997
  0.0761565
