63 1
  -0.564711
  0.0187249
   0.222586
  -0.619918
 -0.0549831
  -0.194136
   0.495588
-0.00791745
  0.0227643
    0.85362
 -0.0384759
  -0.202763
   0.950407
 -0.0117973
   0.137495
 -0.0345489
 -0.0276293
-0.00530272
  0.0278409
  0.0571601
  -0.106637
 -0.0489326
  -0.162701
   0.205842
  0.0130377
 -0.0164916
  0.0135127
  -0.274462
   0.217957
   0.130027
  -0.123352
   0.117502
  -0.303537
 -0.0481148
  0.0697228
-0.00833262
  -0.100877
  -0.296254
 -0.0860282
  -0.112282
   0.324531
  0.0241472
   0.101812
-0.00474224
  0.0288883
   -0.13939
  -0.382539
  -0.448411
  -0.166024
   0.352663
   0.406361
  -0.038448
   -0.99468
   0.395295
  -0.216772
   0.944229
  -0.402349
0.000619136
  -0.127665
   0.182904
  0.0679466
  0.0878626
  -0.218524
