63 1
  -0.146281
  0.0590038
  0.0986687
  -0.170195
 -0.0412726
 -0.0302035
   0.126751
   0.037876
 0.00961404
 -0.0325537
 -0.0674029
  0.0179304
  0.0907616
  0.0546643
 0.00396731
 -0.0397648
 -0.0737874
-0.00106411
  0.0559243
   0.182827
 -0.0722891
 -0.0424117
  -0.198445
   0.147787
 -0.0637539
  0.0526605
  0.0159389
  -0.181398
  0.0930375
   0.145055
  0.0591185
  0.0826217
  -0.212951
 -0.0207174
 -0.0669597
 -0.0589632
  -0.139014
  -0.246266
  -0.217073
 -0.0850801
   0.331574
   0.156388
   0.148638
  0.0953045
   0.117251
   0.126063
  -0.417575
  -0.549999
-0.00718105
   0.434149
    0.41161
  0.0551245
   -1.28042
   0.308738
  0.0275429
     1.3454
  -0.184599
  -0.139013
  -0.127823
   0.129307
  -0.112339
   0.153893
   -0.14704
