63 1
  -0.125551
 -0.0190085
 0.00818664
    -0.1242
 -0.0423198
 -0.0331808
   0.205638
  0.0114887
 0.00878208
    0.37856
  -0.138774
 -0.0934629
   0.428763
  0.0391048
  0.0809229
-0.00485887
 0.00200337
  0.0156926
   0.025978
  0.0893693
 -0.0214619
  -0.063859
  -0.200541
   0.134356
  0.0656329
 -0.0296112
 -0.0150255
  -0.244445
   0.191812
  0.0709206
 -0.0249001
   0.197077
   -0.22573
  0.0267528
  0.0663875
  0.0745318
  0.0464125
  0.0854084
  -0.506374
 -0.0111964
  0.0237998
   0.545931
   0.353753
 -0.0604435
 -0.0819343
  0.0667795
  -0.225757
  -0.871605
   0.177251
   0.249777
   0.833309
   0.135178
  -0.440738
   0.122227
  -0.122337
   0.376319
  -0.133882
 -0.0066977
  0.0179442
  -0.084997
  0.0309954
 -0.0101074
   0.041216
