63 1
 -0.551404
-0.0272708
 0.0509015
 -0.529154
-0.0255452
-0.0217718
  0.500325
 0.0595472
  0.040254
  0.141128
 -0.107133
-0.0240044
  0.182085
 0.0905236
 0.0131083
-0.0695351
-0.0855733
-0.0651039
 0.0509138
   0.19805
 -0.133438
 0.0144613
 -0.364725
  0.278481
-0.0196179
  0.082045
 0.0626093
 -0.103642
 0.0875283
   0.15994
 -0.028933
  0.342268
  -0.51864
 -0.179175
-0.0866952
 -0.182856
 -0.243316
  -0.80979
 0.0400333
 -0.172163
  0.854336
  -0.18458
-0.0739244
-0.0349906
  0.268187
  -0.30407
 -0.555606
-0.0400998
 -0.512946
  0.583502
-0.0356717
 -0.339594
 -0.831919
  0.274407
 -0.369704
  0.701855
 -0.221081
-0.0740027
-0.0944644
  0.239986
  0.105173
 0.0918698
 -0.243557
