156 10
 0.000371539 -0.000523938  0.000130263 -0.000205493  7.11324e-05  6.35508e-05  0.000177656 -0.000266417  0.000621659 -0.000172468
 -0.00514609   0.00262917  -0.00711193  -0.00551644  0.000897507  0.000279136 -0.000769341  -0.00184261 -0.000162279  -0.00100799
   0.0028724  -0.00694292  0.000768594 -0.000748692  0.000249208   0.00148307   0.00051033  0.000245016  0.000134221 -2.29831e-05
  0.00365833  -0.00527823   0.00146563   -0.0011816  0.000227509  -0.00115774   0.00186673  -0.00110331   0.00044884 -0.000273288
 -0.00845674   0.00396451   -0.0087707  -0.00531709    0.0012754   0.00097177 -0.000813733  -0.00192973 -0.000121075   -0.0013922
  0.00343066   -0.0111965   0.00109456  -0.00129965  0.000711596    0.0026883  0.000518618  0.000595048 -8.14613e-05  0.000307325
 -0.00257683   0.00425708 -0.000985621  0.000907374 -9.75233e-05   0.00127104  -0.00146697  0.000588877  0.000888243 -1.16857e-05
 -0.00853807   0.00445658  -0.00889026  -0.00527409   0.00140697  0.000889757 -0.000551939  -0.00196283 -1.65479e-05  -0.00144338
   0.0037042   -0.0108348   0.00104805  -0.00128299  0.000574481   0.00271529  0.000245244  0.000355669 -0.000199923  0.000296441
 0.000145759  -0.00073526  0.000108731 -0.000394318 -4.75223e-05  5.68372e-05  0.000187343 -0.000661618  0.000680809 -0.000152261
-0.000989867  0.000785501  -0.00497086  -0.00554383  0.000477174 -0.000228569    -0.000619  -0.00137545 -0.000379884 -0.000457828
  0.00031555  -0.00144342 -0.000189984 -7.21706e-05 -0.000339624   0.00077203  5.33897e-05  -0.00035542  0.000490521 -0.000302367
  0.00513034   -0.0019039  0.000776938  -0.00158589  0.000526034 -0.000506087   0.00190217 -0.000915961  0.000347617 -0.000410504
  -0.0259599  -0.00335691  -0.00749437 -0.000131484  0.000567264  0.000558265 -0.000189526  -0.00120128 -9.75064e-05  8.98584e-06
  0.00195089  -0.00628099  0.000259397 -0.000744712   0.00111993   0.00292845   0.00155808    0.0010185 -0.000212224 -0.000244412
 -0.00492493   0.00141205 -0.000420854   0.00136626  -0.00026889  0.000632346  -0.00142568  0.000696709   0.00129113  0.000258205
   -0.025936  -0.00362032   -0.0079016  -0.00036977  0.000699875  0.000232006 -0.000298957  -0.00126214  5.89927e-05   0.00017076
  0.00215535  -0.00642463  0.000255185  -0.00081931  0.000945813   0.00325294   0.00104815  0.000720088 -0.000275247  -0.00030355
 0.000214683 -0.000305169  0.000278911 -4.03463e-05  3.18457e-05  6.78085e-05  0.000135067 -0.000286245   0.00039261 -0.000109061
  0.00172163   0.00542002  -0.00105674  -0.00227606  -0.00014949  -0.00101016  0.000578309   0.00157612 -0.000773971  5.77273e-06
-0.000700512  0.000499082 -0.000572262  0.000361972  -0.00107832  0.000560325  -0.00100844 -0.000978407  0.000706492 -0.000230564
   0.0046833  -0.00251199  0.000809033  -0.00177712   0.00065136 -0.000616997   0.00195099 -0.000593669  0.000258058 -0.000508868
  -0.0471253  -0.00953162  -0.00547721   0.00489589  0.000193392  -0.00101565   0.00138904  3.58303e-05  0.000136558  0.000557136
-0.000984518  -0.00474232 -0.000455168  1.91957e-05   0.00128921   0.00386597  0.000916666   0.00168852 -1.54134e-05 -8.33674e-05
 -0.00450772     0.002434 -0.000312974   0.00151202 -0.000364915   0.00059284   -0.0014633  0.000259014   0.00145036  0.000289656
  -0.0470921  -0.00913697  -0.00611765   0.00473684  0.000274697   -0.0014376   0.00124982  0.000463342  0.000131366  0.000812149
-0.000727409  -0.00455355 -0.000551425 -4.47285e-05  0.000926285    0.0041316  0.000422806   0.00125155  -0.00030601  -0.00033832
 5.75967e-05 -0.000169107  6.36779e-05  3.86863e-06 -8.97769e-05  6.57103e-05 -7.54606e-05 -5.42985e-05  0.000424043 -0.000106879
  0.00318434     0.005279  0.000179121  -0.00131455 -3.39536e-05   -0.0010496  0.000416714    0.0017928 -0.000636578  0.000137785
  0.00123284  -0.00235714  0.000902085  0.000299335  -0.00133247 -0.000631377  -0.00122484 -0.000712415  0.000661217  0.000368987
  0.00559957  -0.00314146  0.000923412  -0.00190066  0.000745185 -0.000801085    0.0021315 -0.000764884  0.000321196  -0.00044214
  -0.0493321  -0.00936375  -0.00522768   0.00521662 -0.000107384 -0.000990147   0.00107673 -3.39695e-05 -5.33808e-05  0.000409945
  0.00348155  -0.00573574 -0.000586459 -0.000397036   0.00181774    0.0036052   0.00158788   0.00174099  0.000425782   0.00026896
 -0.00553774   0.00300544 -0.000492422   0.00156523  -0.00043257  0.000754563  -0.00153474  0.000482455   0.00144391  0.000263092
  -0.0489967  -0.00923794   -0.0059538   0.00495988   0.00015344  -0.00143937   0.00104921  0.000538461  6.59421e-05  0.000701549
  0.00389162  -0.00507405 -0.000638123 -0.000377416   0.00130195   0.00383061   0.00112419   0.00108022  4.87703e-06 -4.79719e-05
 0.000213795  -0.00104093  0.000109813  2.22457e-05 -0.000261646 -0.000297206 -7.44055e-05  0.000179628   0.00107498 -0.000269485
   0.0122917   0.00105692   0.00369408   0.00117582 -0.000266415  0.000754438  0.000536418 -0.000411474  0.000443938  0.000111794
-0.000222753   0.00355694 -0.000768589 -0.000313363   0.00127507  -0.00167703   -0.0006366  0.000666632 -0.000760947 -0.000206857
  0.00315901  -0.00409706  0.000240044  0.000698578 -0.000528549 -0.000394524 -0.000819191  0.000467432  0.000117313  -0.00133474
  0.00777652   0.00133934   0.00172351 -0.000311639 -0.000698662 -0.000243953  0.000101536   0.00116677  0.000127789    0.0001288
-0.000322334  0.000150614  0.000278956 -8.32466e-05  -0.00124592  -0.00151038 -0.000133603  0.000226773 -0.000473122 -0.000658914
 -0.00281402     0.003553 -0.000100846 -0.000649239  0.000235613  0.000305513   0.00073478 -0.000358207  0.000672777   0.00114968
  0.00770528   0.00130575   0.00173962 -0.000628347 -0.000690176 -0.000173348   9.1392e-05  0.000904317 -6.08472e-05   0.00044065
-0.000609043  0.000518691 -4.35683e-05 -0.000147239  -0.00141892  -0.00129697 -0.000517895  6.89234e-05 -0.000743107 -0.000321614
 1.00746e-05   0.00051172  7.19427e-05  0.000234705 -0.000255926 -0.000163061  9.62983e-05 -0.000255378   0.00157013  -0.00035678
   0.0141299   0.00407992   0.00499178   0.00272506   0.00132517  0.000982456  0.000508712  -0.00115929  6.79222e-05 -6.87287e-05
  0.00165089   0.00462536 -0.000249149  0.000451248   0.00304938  -0.00192768  -0.00142925  0.000194716 -0.000196272 -0.000186765
    0.005687  -0.00687232 -0.000238165   0.00231726 -0.000822769 -0.000722676 -0.000780114  0.000841387 -0.000453104  -0.00267358
  0.00973478   0.00128263   0.00098685 -0.000588779 -0.000511512 -0.000561146  0.000846323   0.00150607  0.000114131 -0.000393376
-0.000971023   0.00236237  2.27451e-05  0.000107989   -0.0013606  -0.00095039  0.000341321  4.36204e-05  6.80225e-05 -0.000321338
 -0.00541066   0.00627741  0.000335737  -0.00223915  0.000571177  0.000924392  0.000471075   -0.0012133  0.000542914   0.00257493
  0.00971481   0.00119545   0.00118735 -0.000790561 -0.000770568 -0.000444656   0.00059522  0.000435742  0.000218074 -0.000274977
-0.000693005   0.00225285  2.11489e-05 -0.000360276   -0.0015526 -0.000987078 -7.11254e-05 -0.000518975 -0.000596233  0.000596552
   0.0175099  -0.00365732  -0.00375692    0.0024136  -0.00077608 -0.000273706  -0.00168792  5.55312e-05  -0.00122622  -0.00187252
  0.00768528 -0.000931218   0.00201278 -0.000398813   -0.0010954 -0.000277359 -0.000134349   0.00114604  0.000446235 -9.90355e-05
 -0.00285565    0.0035245 -5.09579e-05  0.000450565  -0.00183479 -0.000226994  0.000216151  -0.00103919   0.00048361 -0.000369754
  -0.0175538   0.00429142     0.003537   -0.0023064  0.000653213  0.000676185  0.000295018 -0.000359798 -0.000515106   0.00227029
  0.00760369  0.000230676   0.00174097 -0.000848706  -0.00077721 -0.000296769  0.000263861   0.00113573 -0.000111593   7.2926e-05
 -0.00265252   0.00409745  -0.00037711  0.000212505  -0.00239468 -0.000409331 -0.000462023 -0.000741336 -0.000367249   0.00058243
   0.0287563  -0.00042478  -0.00743576   0.00154274 -0.000183727  -5.3755e-05 -0.000307392  0.000345147  -0.00185758  -9.4037e-05
  0.00882543 -0.000964706   0.00157323 -0.000871755 -0.000920505  -0.00037665 -0.000204588   0.00101029  0.000509387  6.03956e-05
 -0.00225552   0.00250797  0.000214991  0.000455569  -0.00181836 -0.000458238  0.000713583 -0.000771092  0.000414874 -0.000517345
  -0.0292602  0.000905986   0.00714625  -0.00129923  0.000397758  0.000383651 -0.000382328    4.258e-05   -0.0015399  0.000702759
  0.00886202   -0.0011539   0.00160205  -0.00126393 -0.000797699 -0.000245892 -0.000213134   0.00105537 -8.77965e-05  0.000489772
 -0.00213941   0.00211891 -6.30411e-05   0.00010507  -0.00225607  -0.00078464 -0.000137769 -0.000354368 -0.000558784  0.000478502
   0.0335328   -0.0013817  -0.00856057   0.00154278 -1.45495e-05 -0.000168316    0.0002547  0.000355267  -0.00204918   0.00118416
  0.00768859  -0.00139748   0.00206993 -0.000609367   -0.0015584 -0.000258519  -0.00104309   0.00102199  0.000550152  6.76189e-05
 -0.00208001   0.00139852  0.000246391  0.000483931  -0.00176785 -0.000937943   0.00130295 -0.000200459  0.000271383 -0.000536791
   0.0349201  -0.00174021  -0.00859835   0.00152132  0.000135514 -0.000329268  0.000492844  0.000294759  -0.00206887   0.00136579
  0.00794074  -0.00144527   0.00221493 -0.000605557  -0.00149864 -0.000385133 -0.000831084  0.000878194  0.000510936 -2.30419e-05
 -0.00252562   0.00211425 -0.000108994  0.000479835  -0.00181722 -0.000901626    0.0015287  0.000498932  0.000333236 -0.000445563
   0.0358606   -0.0016556  -0.00871463   0.00152026  0.000254816 -0.000359792  0.000684719  0.000281041  -0.00206212   0.00150375
  0.00795031  -0.00134672   0.00227582 -0.000613957   -0.0015224 -0.000457164 -0.000688538  0.000769317  0.000461812 -0.000100527
 -0.00277772   0.00269849 -0.000387974  0.000485715  -0.00191363 -0.000862735   0.00153234  0.000905738  0.000346604 -0.000396009
   0.0340086  -0.00172659  -0.00857715   0.00150007  2.99662e-05 -0.000166815  0.000199157  0.000319463  -0.00200332   0.00125976
  0.00787839  -0.00140445   0.00209164 -0.000548927  -0.00153651 -0.000257889  -0.00111932   0.00112894  0.000546496  6.33491e-05
 -0.00260972    0.0017482   0.00019767  0.000407483  -0.00176422 -0.000872704   0.00123687 -0.000326868  0.000227823 -0.000588721
   0.0352035   -0.0017514  -0.00880805    0.0014745   0.00013612 -0.000202896  0.000392482  0.000444822  -0.00193991   0.00150002
  0.00802119  -0.00121095   0.00209403 -0.000478351  -0.00147883 -0.000278546  -0.00108594   0.00114087  0.000568908  1.23435e-05
 -0.00280728     0.002163  2.99426e-05  0.000530509  -0.00177076 -0.000867952   0.00129152  -0.00017221  0.000211778 -0.000564882
   0.0361288  -0.00157317  -0.00905308   0.00146426  0.000223413  -0.00018913  0.000511764  0.000521931  -0.00188069   0.00171411
  0.00795668  -0.00107928   0.00210209 -0.000469065   -0.0014585 -0.000355896 -0.000911679   0.00118693  0.000585433  -3.7454e-05
 -0.00304106   0.00246686  -0.00013422  0.000597296  -0.00178462 -0.000899888   0.00135677  4.25748e-06  0.000242936  -0.00058134
   0.0333705  -0.00164711  -0.00834081   0.00141739 -3.14173e-05 -1.63293e-05 -0.000204204  -0.00021893  -0.00198801   0.00104837
  0.00766754  -0.00179626   0.00196858 -0.000690722  -0.00133315 -0.000374425  -0.00099648   0.00128097  0.000626642  0.000185445
 -0.00325458   0.00191836  0.000303323  0.000145457  -0.00179184  -0.00078959   0.00105541  -0.00120387  0.000146853 -0.000750383
   0.0341864  -0.00165681  -0.00843659   0.00139006  3.85495e-05  1.51175e-05 -0.000152014 -0.000523754  -0.00194663   0.00120097
  0.00770764  -0.00164818   0.00195306  -0.00061639  -0.00130439 -0.000389838 -0.000953826   0.00119083  0.000463902  0.000229432
  -0.0034737   0.00181109  0.000411132  0.000144162  -0.00173515 -0.000761777  0.000998887  -0.00167922  0.000164147 -0.000815821
    0.034966   -0.0016186  -0.00851208   0.00135471  0.000109849  2.73374e-05 -6.49812e-05 -0.000810458  -0.00191902   0.00133123
  0.00779311  -0.00153383   0.00190112 -0.000637989  -0.00125875 -0.000409464 -0.000849849   0.00108775  0.000349782  0.000280997
 -0.00373201   0.00182218  0.000562343  0.000155555  -0.00170859 -0.000675588   0.00091175   -0.0021677  0.000160347 -0.000894344
   0.0337469  -0.00174609   -0.0084854   0.00144246 -4.61571e-06 -7.24665e-05 -5.91541e-05  5.07515e-05  -0.00197691   0.00116399
  0.00776271  -0.00148878   0.00203378 -0.000551906  -0.00143955 -0.000265778  -0.00107726   0.00123171  0.000577255  0.000138633
 -0.00300741   0.00185654  0.000271327  0.000238078  -0.00175325 -0.000809924   0.00113267 -0.000799967  0.000156495 -0.000689995
   0.0348816  -0.00172957  -0.00870257   0.00143361   7.7118e-05 -6.30663e-05  8.25634e-05  0.000112266  -0.00192223   0.00140552
  0.00777924  -0.00106314   0.00202402 -0.000384126  -0.00135041 -0.000161162  -0.00104024   0.00116644  0.000520871  0.000150692
 -0.00316201   0.00202495  0.000261814  0.000211608  -0.00173207 -0.000729281   0.00108906 -0.000982915  0.000135754 -0.000685614
   0.0358588  -0.00155691  -0.00888639   0.00143707  0.000153326 -4.88374e-05  0.000205676  0.000125557  -0.00189564    0.0016095
  0.00778231 -0.000891928   0.00194312 -0.000396009  -0.00123483 -0.000180573 -0.000858777   0.00118715  0.000522213   0.00016707
 -0.00345427   0.00225072  0.000249436  0.000219517  -0.00169182 -0.000677474   0.00106379  -0.00114267  0.000187055 -0.000704251
   0.0304126   9.3778e-06  -0.00848155   0.00162618 -0.000163253   7.9931e-05   3.7903e-05  0.000578864  -0.00187811  0.000645258
  0.00794465 -0.000727512   0.00179813 -0.000721427  -0.00128787 -7.79757e-05 -0.000849667  0.000789918  0.000552476  0.000192906
 -0.00147952   0.00135314  0.000368567  0.000615397  -0.00169433 -0.000739252   0.00107227 -0.000703827  0.000328075 -0.000484516
   0.0310714  0.000452536  -0.00884398   0.00161317 -0.000223851  0.000133826   0.00022127  0.000584494  -0.00187233  0.000874415
  0.00808945 -0.000579769   0.00194075 -0.000537626  -0.00128922  0.000140093  -0.00102493  0.000495706  0.000539239  0.000161193
-0.000801327  0.000623138  0.000371479  0.000592499  -0.00152434 -0.000969736   0.00120788 -0.000406747  0.000498364 -0.000528145
   0.0320095  0.000928272  -0.00906403   0.00159831 -0.000340827   5.4839e-05  0.000323567  0.000384215  -0.00191625  0.000947519
  0.00793677 -9.04617e-05   0.00200337 -0.000402225  -0.00130098  0.000461371  -0.00124023   0.00016976  0.000500779  0.000107794
-0.000196266 -0.000140176  0.000447295  0.000465912   -0.0013162  -0.00100653   0.00124484 -0.000157279  0.000637002 -0.000518287
  -0.0339009   0.00132571   0.00819537  -0.00133538  0.000393264  0.000407081  -0.00088068  0.000262961  -0.00207611 -0.000341634
  0.00681575   0.00195309   0.00176862 -0.000692184  -0.00122992  3.73304e-05 -0.000389372   0.00137082  8.71779e-05  0.000236777
  -0.0019573   0.00289768 -0.000306611  0.000372146  -0.00245761 -0.000755051  0.000145989  -0.00012607 -0.000713416   0.00064675
  -0.0352291   0.00100805   0.00842307  -0.00127738  0.000267372  0.000360048  -0.00105875  0.000337073   -0.0022099 -0.000467013
  0.00715171   0.00223151   0.00180996 -0.000828603  -0.00126477  0.000128932  -0.00050395   0.00093728 -7.46877e-06  9.16352e-05
 -0.00209307   0.00304834 -0.000382796  0.000438643  -0.00250681 -0.000878862  0.000124887  0.000386167 -0.000988884  0.000709464
  -0.0362345  0.000963835   0.00859646  -0.00121287   0.00020444  0.000364015  -0.00113489  0.000396825  -0.00228308  -0.00057075
  0.00733204   0.00184522   0.00189842 -0.000981413  -0.00130725  0.000159199 -0.000685632  0.000612295 -0.000151516  2.53062e-05
 -0.00220321   0.00316771 -0.000469766  0.000468075  -0.00254325 -0.000923747  2.14861e-05  0.000791952  -0.00123358  0.000743265
   -0.034167   0.00130502   0.00835431  -0.00132802   0.00031431  0.000327953 -0.000890493  0.000253451   -0.0022048 -0.000427496
  0.00706198   0.00168004   0.00172916 -0.000612832  -0.00110604 -8.55814e-06 -0.000388896   0.00153775  2.56143e-05   0.00025223
 -0.00257685    0.0033202 -0.000353695   0.00029443  -0.00246262 -0.000741293  0.000280556 -0.000151093 -0.000760303  0.000589833
  -0.0353562   0.00135132   0.00860852  -0.00124002  0.000212279  0.000357289 -0.000978335  0.000166668  -0.00229644 -0.000623792
  0.00747026  0.000864277    0.0017406 -0.000690515  -0.00110705 -9.88788e-05 -0.000573356   0.00132098 -0.000103195  0.000248173
 -0.00263097   0.00298853 -0.000351499  0.000314232  -0.00247055  -0.00101615  0.000323827  2.72159e-05 -0.000918466  0.000634999
   -0.036346     0.001391   0.00882636  -0.00115311  0.000154912  0.000385648 -0.000992913  0.000139136  -0.00234877 -0.000794184
  0.00771675  4.89268e-05   0.00178589 -0.000820506   -0.0010824 -0.000246316 -0.000656644   0.00122369 -0.000223931  0.000219252
 -0.00273291   0.00284535 -0.000355786  0.000374358  -0.00248728  -0.00118238  0.000391009  0.000210932  -0.00107853  0.000694496
  -0.0334398   0.00122878   0.00823305  -0.00120806  0.000412641  8.95423e-05 -0.000670129  0.000679008  -0.00238934 -0.000233403
  0.00689621  0.000975558   0.00178125 -0.000627203 -0.000764282  -8.9905e-05 -0.000101966   0.00194709   8.7436e-05   0.00030377
 -0.00359042   0.00409817 -0.000467893  -8.6258e-05  -0.00236677  -0.00035104   0.00038831 -0.000766785 -0.000564744  0.000430614
  -0.0343331   0.00169461   0.00823736  -0.00114823  0.000384846  4.06514e-05 -0.000620838   0.00100668  -0.00263141 -0.000359122
  0.00699068  0.000238605    0.0018857 -0.000623427 -0.000794082 -0.000131021 -4.20635e-05    0.0019106  8.47131e-05  0.000347602
 -0.00380834    0.0042768 -0.000351171 -0.000131944  -0.00229501 -0.000167743  0.000302768  -0.00124937 -0.000441076   0.00036143
  -0.0351942   0.00209378   0.00820352  -0.00106602  0.000313971  2.04255e-05 -0.000590696   0.00132383  -0.00290645 -0.000445071
  0.00720043 -0.000570574   0.00201327 -0.000729198 -0.000817392 -0.000192376  1.88811e-05   0.00185272  6.96754e-05  0.000397186
 -0.00406514   0.00419756 -0.000103294  -0.00017007  -0.00221685 -4.09259e-05  0.000137353  -0.00173617 -0.000305099  0.000271238
  -0.0338035     0.001351   0.00833629  -0.00130475  0.000358259  0.000224528 -0.000772616  0.000429119  -0.00230769 -0.000365065
  0.00697996   0.00124925   0.00176901 -0.000545787 -0.000903541 -5.39666e-05 -0.000210218    0.0018175  8.44155e-05  0.000317713
 -0.00320645   0.00392965 -0.000401026  0.000113636  -0.00242738 -0.000527192  0.000355194 -0.000464549 -0.000646731  0.000509962
  -0.0349471   0.00157456   0.00853104  -0.00132532  0.000284768  0.000320724 -0.000821635  0.000392134  -0.00236663 -0.000614935
  0.00727979  0.000461542   0.00192965 -0.000511406 -0.000850478 -0.000102641 -0.000256255   0.00163827  3.94941e-05  0.000416158
 -0.00327534   0.00386521 -0.000218751  0.000142101  -0.00243435 -0.000609052  0.000232172 -0.000626281 -0.000654951  0.000580313
  -0.0359591    0.0017382   0.00865851  -0.00128827  0.000237528   0.00037896  -0.00085074  0.000426541   -0.0024243 -0.000785292
  0.00749029 -0.000446806   0.00205441 -0.000645774 -0.000765055 -0.000178786 -0.000227766   0.00156399  -3.4038e-05  0.000502841
 -0.00349643   0.00380901  2.86911e-06  0.000197285  -0.00242566 -0.000607357  0.000160256 -0.000757667  -0.00062443  0.000601513
  -0.0309455  0.000659848   0.00789632   -0.0014229  0.000468206  0.000433789  -0.00061708 -6.00028e-05  -0.00179864  0.000109496
  0.00779686 -0.000675904   0.00197024  -0.00107269  -0.00121916 -2.14226e-05 -0.000684328   0.00100812 -0.000140684  0.000576452
 -0.00143648   0.00139616 -3.50288e-05   0.00032469  -0.00239381 -0.000800217 -6.00524e-07 -0.000405571 -0.000485005  0.000627851
  -0.0318623  0.000907559   0.00812814  -0.00141736  0.000545827  0.000561537 -0.000723698 -4.18596e-05  -0.00184685 -0.000172463
  0.00771098  -0.00125643    0.0022763 -0.000962378  -0.00140587 -1.11217e-05 -0.000867931  0.000872299 -0.000155249  0.000671576
-0.000662606  0.000925521  -9.0274e-05  0.000314245  -0.00232321 -0.000868531 -4.77099e-05 -0.000358473 -0.000361317  0.000616985
  -0.0328427  0.000695382   0.00829191  -0.00146376  0.000678712  0.000659217 -0.000770783  0.000143622  -0.00190107 -0.000393292
  0.00742392  -0.00136835   0.00250422  -0.00077802  -0.00157342  0.000127851  -0.00101646  0.000755514 -0.000286164  0.000723651
-8.96453e-06   0.00048472 -0.000182384  0.000230812  -0.00216923 -0.000772035 -5.71329e-05 -0.000326639 -0.000274918  0.000611647
