72 10
 0.000371537 -0.000523935  0.000130262 -0.000205493  7.11325e-05  6.35512e-05  0.000177656 -0.000266417  0.000621659 -0.000172468
  -0.0051461   0.00262917  -0.00711194  -0.00551644  0.000897507  0.000279136 -0.000769341  -0.00184261 -0.000162279  -0.00100799
   0.0028724  -0.00694292  0.000768595 -0.000748693  0.000249208   0.00148307   0.00051033  0.000245016  0.000134221  -2.2983e-05
  0.00365833  -0.00527823   0.00146563   -0.0011816  0.000227509  -0.00115775   0.00186673  -0.00110331   0.00044884 -0.000273288
 -0.00845674   0.00396451   -0.0087707  -0.00531709    0.0012754   0.00097177 -0.000813733  -0.00192973 -0.000121075   -0.0013922
  0.00343066   -0.0111965   0.00109456  -0.00129965  0.000711596    0.0026883  0.000518618  0.000595049 -8.14614e-05  0.000307326
 -0.00257683   0.00425708 -0.000985622  0.000907375 -9.75233e-05   0.00127105  -0.00146697  0.000588877  0.000888244 -1.16859e-05
 -0.00853807   0.00445659  -0.00889027  -0.00527409   0.00140697  0.000889758 -0.000551939  -0.00196283 -1.65479e-05  -0.00144338
  0.00370421   -0.0108348   0.00104806  -0.00128299  0.000574481   0.00271529  0.000245245  0.000355669 -0.000199923  0.000296441
 0.000145765 -0.000735269  0.000108732 -0.000394319 -4.75224e-05  5.68363e-05  0.000187343 -0.000661618  0.000680808 -0.000152261
-0.000989866  0.000785501  -0.00497086  -0.00554383  0.000477174 -0.000228568 -0.000618999  -0.00137545 -0.000379884 -0.000457828
 0.000315549  -0.00144341 -0.000189984 -7.21702e-05 -0.000339624   0.00077203    5.339e-05 -0.000355419  0.000490521 -0.000302368
  0.00513034  -0.00190391  0.000776939  -0.00158589  0.000526034 -0.000506088   0.00190217 -0.000915961  0.000347617 -0.000410504
  -0.0259599  -0.00335691  -0.00749436 -0.000131484  0.000567263  0.000558265 -0.000189526  -0.00120128 -9.75064e-05  8.98586e-06
  0.00195089  -0.00628099  0.000259398 -0.000744712   0.00111993   0.00292845   0.00155808    0.0010185 -0.000212224 -0.000244412
 -0.00492493   0.00141205 -0.000420854   0.00136626 -0.000268889  0.000632345  -0.00142568  0.000696708   0.00129112  0.000258205
   -0.025936  -0.00362032   -0.0079016  -0.00036977  0.000699874  0.000232006 -0.000298957  -0.00126214  5.89927e-05   0.00017076
  0.00215535  -0.00642463  0.000255185  -0.00081931  0.000945813   0.00325294   0.00104815  0.000720087 -0.000275247  -0.00030355
 0.000214688 -0.000305177  0.000278912 -4.03454e-05  3.18459e-05   6.7808e-05  0.000135066 -0.000286245  0.000392609 -0.000109063
  0.00172163   0.00542002  -0.00105674  -0.00227606  -0.00014949  -0.00101016  0.000578309   0.00157612 -0.000773971  5.77268e-06
-0.000700512  0.000499082 -0.000572263  0.000361972  -0.00107832  0.000560325  -0.00100844 -0.000978407  0.000706492 -0.000230564
   0.0046833  -0.00251199  0.000809033  -0.00177712   0.00065136 -0.000616997   0.00195099 -0.000593669  0.000258058 -0.000508868
  -0.0471253  -0.00953162  -0.00547721   0.00489589  0.000193392  -0.00101565   0.00138904  3.58303e-05  0.000136558  0.000557136
-0.000984518  -0.00474232 -0.000455168  1.91957e-05   0.00128921   0.00386597  0.000916666   0.00168852 -1.54134e-05 -8.33674e-05
 -0.00450772     0.002434 -0.000312974   0.00151202 -0.000364915   0.00059284   -0.0014633  0.000259014   0.00145036  0.000289656
  -0.0470921  -0.00913696  -0.00611765   0.00473684  0.000274697   -0.0014376   0.00124981  0.000463342  0.000131366  0.000812149
-0.000727409  -0.00455355 -0.000551425 -4.47285e-05  0.000926285    0.0041316  0.000422806   0.00125155  -0.00030601  -0.00033832
 5.75946e-05 -0.000169103  6.36776e-05  3.86861e-06 -8.97768e-05  6.57105e-05 -7.54594e-05 -5.42982e-05  0.000424043 -0.000106879
  0.00318435     0.005279  0.000179121  -0.00131455 -3.39535e-05   -0.0010496  0.000416714    0.0017928 -0.000636578  0.000137786
  0.00123284  -0.00235714  0.000902086  0.000299335  -0.00133247 -0.000631378  -0.00122484 -0.000712416  0.000661218  0.000368987
  0.00559956  -0.00314146  0.000923412  -0.00190066  0.000745185 -0.000801085    0.0021315 -0.000764883  0.000321196  -0.00044214
  -0.0493321  -0.00936374  -0.00522768   0.00521661 -0.000107384 -0.000990147   0.00107673 -3.39695e-05 -5.33808e-05  0.000409945
  0.00348154  -0.00573574 -0.000586459 -0.000397036   0.00181774    0.0036052   0.00158788   0.00174099  0.000425782   0.00026896
 -0.00553775   0.00300545 -0.000492422   0.00156523 -0.000432571  0.000754564  -0.00153474  0.000482456   0.00144391  0.000263092
  -0.0489967  -0.00923795  -0.00595381   0.00495989  0.000153441  -0.00143937   0.00104922  0.000538461  6.59422e-05   0.00070155
  0.00389162  -0.00507405 -0.000638124 -0.000377416   0.00130195   0.00383061   0.00112419   0.00108022  4.87704e-06 -4.79719e-05
 0.000213794  -0.00104093  0.000109813  2.22454e-05 -0.000261646 -0.000297206 -7.44054e-05  0.000179628   0.00107498 -0.000269485
   0.0122917   0.00105692   0.00369408   0.00117582 -0.000266415  0.000754439  0.000536418 -0.000411474  0.000443938  0.000111794
-0.000222754   0.00355694 -0.000768589 -0.000313363   0.00127507  -0.00167703   -0.0006366  0.000666632 -0.000760947 -0.000206857
  0.00315901  -0.00409706  0.000240044  0.000698578 -0.000528549 -0.000394524 -0.000819191  0.000467432  0.000117313  -0.00133474
  0.00777652   0.00133934   0.00172351 -0.000311639 -0.000698662 -0.000243953  0.000101536   0.00116677  0.000127789    0.0001288
-0.000322334  0.000150616  0.000278956 -8.32465e-05  -0.00124592  -0.00151038 -0.000133603  0.000226773 -0.000473122 -0.000658914
 -0.00281402     0.003553 -0.000100846 -0.000649239  0.000235613  0.000305513  0.000734779 -0.000358207  0.000672777   0.00114968
  0.00770528   0.00130575   0.00173962 -0.000628347 -0.000690176 -0.000173348   9.1392e-05  0.000904317  -6.0847e-05   0.00044065
-0.000609043  0.000518692 -4.35686e-05 -0.000147239  -0.00141892  -0.00129697 -0.000517895  6.89235e-05 -0.000743107 -0.000321614
 1.00741e-05  0.000511721  7.19428e-05  0.000234705 -0.000255926 -0.000163061  9.62983e-05 -0.000255379   0.00157013  -0.00035678
   0.0141299   0.00407992   0.00499178   0.00272506   0.00132517  0.000982457  0.000508712  -0.00115929  6.79219e-05 -6.87286e-05
  0.00165089   0.00462536 -0.000249149  0.000451249   0.00304938  -0.00192768  -0.00142925  0.000194716 -0.000196273 -0.000186765
    0.005687  -0.00687231 -0.000238165   0.00231726 -0.000822769 -0.000722676 -0.000780114  0.000841387 -0.000453103  -0.00267358
  0.00973477   0.00128263   0.00098685 -0.000588779 -0.000511511 -0.000561146  0.000846323   0.00150607  0.000114131 -0.000393376
-0.000971023   0.00236237  2.27448e-05  0.000107989   -0.0013606 -0.000950389  0.000341321  4.36204e-05  6.80225e-05 -0.000321338
 -0.00541066   0.00627741  0.000335737  -0.00223915  0.000571176  0.000924391  0.000471074   -0.0012133  0.000542913   0.00257493
   0.0097148   0.00119545   0.00118735  -0.00079056 -0.000770568 -0.000444656   0.00059522  0.000435742  0.000218074 -0.000274977
-0.000693006   0.00225285  2.11487e-05 -0.000360276   -0.0015526 -0.000987077 -7.11252e-05 -0.000518975 -0.000596232  0.000596552
   0.0175099  -0.00365732  -0.00375692    0.0024136  -0.00077608 -0.000273706  -0.00168792  5.55312e-05  -0.00122622  -0.00187252
  0.00768528 -0.000931218   0.00201278 -0.000398813   -0.0010954 -0.000277359 -0.000134348   0.00114604  0.000446235 -9.90355e-05
 -0.00285565    0.0035245 -5.09578e-05  0.000450565  -0.00183479 -0.000226994  0.000216152  -0.00103919   0.00048361 -0.000369754
  -0.0175538   0.00429143   0.00353701   -0.0023064  0.000653213  0.000676185  0.000295018 -0.000359799 -0.000515106   0.00227029
   0.0076037  0.000230675   0.00174097 -0.000848707 -0.000777211  -0.00029677  0.000263861   0.00113573 -0.000111593  7.29261e-05
 -0.00265252   0.00409745  -0.00037711  0.000212505  -0.00239468 -0.000409332 -0.000462024 -0.000741337  -0.00036725   0.00058243
   0.0287563  -0.00042478  -0.00743576   0.00154274 -0.000183727  -5.3755e-05 -0.000307392  0.000345147  -0.00185758 -9.40369e-05
  0.00882543 -0.000964706   0.00157323 -0.000871755 -0.000920505  -0.00037665 -0.000204588   0.00101029  0.000509387  6.03956e-05
 -0.00225552   0.00250797  0.000214991  0.000455569  -0.00181836 -0.000458237  0.000713583 -0.000771092  0.000414873 -0.000517345
  -0.0292602  0.000905987   0.00714625  -0.00129923  0.000397758  0.000383651 -0.000382328  4.25801e-05   -0.0015399  0.000702759
  0.00886202   -0.0011539   0.00160206  -0.00126393 -0.000797699 -0.000245893 -0.000213134   0.00105537 -8.77964e-05  0.000489772
 -0.00213941   0.00211891 -6.30414e-05   0.00010507  -0.00225607  -0.00078464 -0.000137769 -0.000354368 -0.000558784  0.000478502
   0.0331351  -0.00161416  -0.00836962   0.00146074 -6.66565e-05 -7.94163e-05 -0.000112194  6.43986e-05  -0.00204104   0.00104355
  0.00784593  -0.00196906   0.00203108 -0.000697353  -0.00147599  -0.00036175  -0.00103793   0.00116785  0.000629204  0.000160802
 -0.00272197   0.00182075  0.000291586  0.000308007  -0.00181656 -0.000804439   0.00109784 -0.000705961  0.000128495 -0.000647721
  -0.0333711   0.00116998     0.008212  -0.00125729  0.000395045  0.000239037 -0.000799473  0.000390597  -0.00218615 -0.000250697
  0.00687313   0.00157984   0.00171039 -0.000682376 -0.000914476 -7.94268e-05 -0.000112437   0.00190144  0.000151875  0.000272478
 -0.00280329   0.00348249 -0.000416846  0.000112771  -0.00238886 -0.000508614  0.000311114 -0.000377735 -0.000677679  0.000571237
