72 10
-0.000264444 -0.000145559 -0.000107143  0.000129157   0.00035473  0.000393166 -7.31827e-05 -0.000649649  0.000771826   0.00032363
   0.0090921   0.00791069   -0.0079447    0.0045717  -0.00122426   0.00181654  0.000526967 -0.000794647  0.000351055  -0.00132059
  -0.0024615  -0.00596453 -8.18505e-05   0.00182143  -0.00124995  0.000209579  0.000839048 -0.000441173  0.000153572 -8.79334e-05
 -0.00281751   -0.0028661  0.000477838  0.000329281  0.000661576   0.00150866  0.000714551  -0.00155441  0.000512463      0.00113
   0.0122692   0.00904187   -0.0092588   0.00465869  -0.00189277   0.00159227  0.000609103 -0.000827953  0.000625887  -0.00167062
 -0.00275703  -0.00894892 -7.59192e-05   0.00255054  -0.00173149 -0.000256867  0.000236707 -0.000487531  0.000595785 -5.81876e-05
  0.00222869   0.00279449 -0.000690135  -4.1248e-05 -0.000211402  -0.00106145 -0.000772627  0.000289862   0.00111992 -0.000401296
   0.0124757   0.00920492  -0.00926813   0.00446075   -0.0020128   0.00166357   0.00103086 -0.000898099  0.000734375  -0.00163782
 -0.00277964   -0.0095985 -1.57444e-05   0.00280663  -0.00164664 -0.000113537 -3.86804e-05 -0.000408231  0.000166397 -0.000155783
-0.000516869 -0.000154358 -0.000156356   0.00023193  0.000322192  0.000470657 -0.000184592 -0.000664027  0.000689185  0.000291657
  0.00373229   0.00454729  -0.00553193    0.0049246  -6.2754e-05   0.00167847 -0.000257095 -0.000599711  2.54063e-06 -0.000721023
 8.56703e-05  -0.00107728 -0.000501273  0.000765003 -8.11763e-05 -0.000100455 -6.69843e-05 -0.000474904  0.000201508 -0.000820848
 -0.00415647  0.000645183  -0.00013191  0.000859309  3.23316e-06   0.00137128   0.00131012  -0.00147629   0.00109266   0.00112736
   0.0270948  -0.00361354  -0.00795989  0.000234289  -0.00105492  0.000703461  0.000107745 -0.000823826  -0.00079598 -0.000417193
 -0.00205671  -0.00722608 -0.000117979   0.00228384  -0.00276123  -0.00198306   0.00014809  0.000450679  0.000521624 -1.24201e-06
  0.00438294 -0.000320975 -0.000309069 -0.000725192  8.82474e-05  -0.00100072 -0.000625054  0.000557216  0.000551434 -0.000426829
   0.0287964 -0.000933537  -0.00829167   9.0948e-05  -0.00162844  0.000307858  0.000586764 -0.000917292 -0.000676698  -4.6526e-05
  -0.0016765  -0.00850584  0.000101066   0.00230878   -0.0023627  -0.00180198 -0.000242782  0.000175287  0.000572422 -0.000140441
-0.000626053 -0.000379995  0.000224509  2.85044e-05  0.000299001  0.000209271 -0.000402991 -0.000457222  0.000563489  0.000278492
-0.000908416   0.00321909  -0.00128598   0.00254054  0.000799738  0.000616216 -0.000327759   0.00106579 -0.000529866  4.71142e-05
-0.000857603 -0.000235864  0.000566658  -1.5635e-05  0.000993009 -0.000162684 -0.000544534 -0.000450422  0.000320495 -0.000433202
 -0.00288238   0.00163065 -0.000317367  0.000746578 -0.000238031   0.00119132   0.00141692  -0.00124413   0.00139362   0.00110835
   0.0493592   -0.0112258  -0.00528868  -0.00547287  0.000612399 -0.000128846 -0.000632384 -7.05331e-05 -0.000317871  0.000587042
 7.17872e-05  -0.00569205 -0.000720254   0.00212455  -0.00346714   -0.0027287  0.000323152  0.000851491  0.000769105  3.56409e-05
  0.00313785 -0.000580949 -0.000149402 -0.000737982  0.000432568 -0.000993915 -0.000412011  0.000478287   0.00029558 -0.000567805
   0.0515661  -0.00834588  -0.00591947  -0.00545733 -0.000334206 -0.000746662  8.53411e-05 -0.000156571 -0.000470428   0.00128271
 1.86712e-05  -0.00768789 -0.000545314   0.00209367  -0.00280999  -0.00234621  -0.00019821  0.000471677  0.000931151 -0.000481989
-0.000192714 -0.000192337  0.000178409 -5.46467e-05    0.0001608  6.73195e-05 -0.000269871 -0.000180443  0.000494694  0.000178334
 -0.00304397   0.00255583  0.000548144   0.00146664   0.00103311  9.87106e-05 -0.000148022    0.0014906 -0.000842424  0.000386788
 -0.00100227  -0.00157494  0.000856422 -0.000224828   0.00165283  0.000130536 -0.000277971 -0.000296157  0.000100103 -0.000290991
 -0.00440038   0.00156234 -0.000267854  0.000760746 -0.000347803   0.00130499   0.00168263  -0.00140153    0.0011639   0.00115223
   0.0517528   -0.0110545  -0.00510978  -0.00562538  0.000948479 -0.000148135  -0.00136419 -1.12807e-05  0.000171233  0.000557756
 -0.00470664  -0.00670007 -0.000736707   0.00227473  -0.00387819  -0.00251026   0.00154301  0.000582726 -0.000174011  0.000139047
  0.00463155 -0.000215557 -0.000256262 -0.000726389  0.000432969  -0.00115109 -0.000564292  0.000627786  0.000477776 -0.000536552
   0.0540443  -0.00835234  -0.00569108  -0.00563926 -5.77821e-05 -0.000795169 -0.000370874 -5.28166e-05 -8.49339e-05    0.0012992
 -0.00503757  -0.00850897 -0.000601221    0.0022904  -0.00317315  -0.00208003  0.000779632  0.000148576 -1.24907e-05 -0.000355568
 -2.0969e-05 -0.000136525  0.000167878  0.000106139 -2.71454e-05   1.3855e-05 -0.000335969 -3.24257e-05  0.000784774  0.000979185
  -0.0137805 -0.000908026   0.00414539  -0.00040942   5.6594e-05 -0.000706396  0.000618723 -0.000522699 -0.000358277 -0.000264273
  0.00093215   0.00451327 -0.000715452 -0.000962846  0.000117302   0.00125361 -0.000345564  0.000967697 -0.000616015 -0.000133946
 -0.00293994  -0.00295448 -0.000204533 -0.000781819  0.000868566  0.000445501  0.000594137  0.000599196   0.00112847 -0.000463103
 -0.00859405  0.000362422   0.00179987   0.00117323   0.00097959 -0.000286604  0.000105476  0.000741566 -0.000862294  0.000364991
-0.000121635 -0.000419005  -0.00017443  -0.00061488   0.00194105  0.000756556   0.00138809  0.000326425  -0.00040753 -0.000463353
  0.00243413   0.00266892  0.000346266  0.000897981 -0.000540736 -0.000349424 -0.000982539 -0.000764911 -0.000740925  0.000996081
 -0.00838932  0.000422778   0.00179958   0.00130088   0.00109464 -0.000114915 -0.000167845  0.000349724 -0.000661045  0.000166429
-0.000115196 -0.000152594 -0.000232537 -0.000324016   0.00208605    0.0006689  0.000370842  -4.3384e-05 -0.000239509 -0.000396213
-0.000111915 -0.000141917  1.19297e-05  0.000157619 -0.000470051  9.93296e-05  0.000123979  0.000186149   0.00110036   0.00124097
  -0.0165559   0.00283667   0.00572799   -0.0030359  -0.00200959 -0.000413796  0.000418987  -0.00111075   0.00011959 -0.000478448
 -0.00132512    0.0049695  0.000591533  -0.00185987  -0.00154477   0.00222666   -0.0013496   0.00125666  7.88241e-05  0.000214622
 -0.00622148  -0.00784918 -0.000776172  -0.00220969   0.00148682  0.000785908   0.00211752   0.00125126   0.00133619  -0.00179464
  -0.0103395   0.00118158  0.000943452  0.000571707    0.0010535 -0.000320831   0.00093055   0.00134992 -0.000340164  0.000434603
 0.000930716   0.00258941 -0.000402637 -0.000369521   0.00175356  1.94356e-05   0.00139028  3.70525e-05  -0.00057264   1.6196e-05
  0.00583308   0.00691791  0.000720542   0.00227566  -0.00114021 -0.000769072  -0.00242258   -0.0011897   -0.0015646   0.00157764
  -0.0105068   0.00111195  0.000710075  0.000747844   0.00125396  9.21874e-06   0.00107761   0.00067052   4.0607e-05  9.77791e-05
 0.000288306   0.00218072 -0.000410088  -0.00018884   0.00204732  0.000243328  0.000118644   -0.0003831 -0.000408874 -9.09642e-05
  -0.0184488  -0.00317253  -0.00389134  -0.00246996    0.0015608  0.000681029 -0.000258179  0.000844181   0.00105373  -0.00200573
  -0.0086321 -0.000489807   0.00175624  0.000949334   0.00115319 -0.000601903  0.000512892   0.00113656 -7.90325e-05  0.000658369
  0.00277039   0.00437263  8.13773e-06 -0.000762979   0.00218799 -0.000204841   0.00046637 -0.000571438 -0.000323244  0.000215612
   0.0184681   0.00397778    0.0041795   0.00229583 -0.000915774 -0.000713831  -0.00103568 -0.000651418  -0.00242479  0.000727235
 -0.00882695  -0.00246474   0.00182456  0.000976694   0.00153438  -8.1894e-05  0.000389203  0.000690428 -3.00735e-05 -0.000119543
  0.00252878   0.00476247 -0.000374047 -0.000161743   0.00228069 -0.000599429  -0.00128225  -0.00100973  0.000363057  3.75324e-05
  -0.0303777  -0.00118608  -0.00765887  -0.00184237  0.000639945 -4.34947e-05 -0.000622486  0.000489214 -0.000816235  -0.00114723
 -0.00990588 -0.000865576    0.0013472  0.000862073  0.000768075 -0.000466064  0.000917612   0.00142181 -0.000228664  0.000865668
  0.00223414   0.00326406  2.26313e-05 -0.000958677   0.00196957  -4.0351e-05   0.00146682 -0.000370923 -0.000386561  2.06482e-05
   0.0305637  0.000270571   0.00797273   0.00148172  -0.00025066 -0.000284201  0.000109011  0.000105752  -0.00181149  -0.00102575
 -0.00945121  -0.00102366   0.00129787   0.00122463   0.00122279 -0.000189295 -0.000600251  0.000656652  8.23418e-05  0.000438435
  0.00281549   0.00427551 -0.000509862 -0.000526411   0.00201116 -0.000728746 -0.000418636 -0.000666307  0.000466048 -0.000143066
  -0.0340331  -0.00126244  -0.00882787  -0.00164304  0.000224118 -0.000734421  -0.00115405   0.00012171  -0.00193644  -0.00078912
 -0.00904699  -0.00023226   0.00183003   0.00119181   0.00100398 -0.000887955 -6.49232e-05   0.00126416  0.000350582  0.000980292
  0.00354401    0.0034193 -0.000145624  -0.00097156   0.00195557 -0.000462977   0.00213278 -0.000304662 -0.000827815  3.59509e-05
   0.0345992   0.00112475   0.00912684   0.00137088  5.80868e-05  5.78013e-05  0.000447381  0.000553451   -0.0011853  -0.00182314
 -0.00884792  -0.00189025   0.00155236   0.00117139   0.00144365  3.58101e-05  -0.00013891   0.00102285  0.000422498 -7.26625e-05
  0.00264614   0.00331963  -0.00032267 -0.000405366   0.00215334  -0.00102215 -0.000366354  -0.00107259  0.000236372  0.000101195
