165 20
6.92813e-05 0.000133692 -4.8425e-05 -4.93084e-05 -5.02569e-05 -2.81256e-05 -8.02738e-05 7.67139e-05 2.06152e-05 2.35337e-06 -1.40171e-07 7.37979e-08 5.06849e-08 -3.55552e-08 -1.88557e-07 -4.14573e-09 -3.60485e-08 -2.23712e-07 -6.95552e-08 2.35125e-09 
-0.0121904 -0.000248733 0.0106586 -0.000330235 0.000326971 0.00406546 -0.00435138 -0.000858715 0.000542387 -0.000598264 -1.33688e-06 -1.70039e-07 -4.23508e-08 -6.37315e-08 -2.11639e-07 -7.76201e-08 1.05265e-07 1.55925e-07 2.73858e-08 3.073e-08 
0.00177158 0.00299841 -0.00127402 0.000706031 0.00362139 0.00219715 0.000903637 0.000996165 -0.00092581 3.16111e-05 6.48325e-07 -9.75913e-07 -1.09645e-07 5.45298e-08 -2.64074e-08 3.08393e-07 -1.02099e-07 -4.53747e-08 -1.43661e-07 1.95912e-07 
0.00305266 0.0054441 -0.00216426 -0.000852235 -0.000934227 -0.000310243 -0.0015673 0.0012355 -0.000911062 0.00012343 -1.36113e-07 -4.6544e-08 -3.04181e-08 -1.19864e-07 -1.36885e-07 -1.17093e-07 -7.71789e-08 -1.45571e-07 5.59689e-08 -7.56643e-08 
-0.0154461 -0.00147603 0.0125269 0.000552121 0.000311802 0.00452483 -0.00449316 -0.000933286 0.00101043 -0.000347236 -2.85769e-07 -4.33641e-09 -8.45468e-08 3.46263e-08 -2.08063e-07 -6.88889e-08 -3.91918e-08 -2.79551e-08 3.47797e-08 -1.72487e-08 
0.00128307 0.00755342 -0.002449 0.00100328 0.00434868 0.00342596 0.00151134 0.000218854 -0.00109006 -0.000373764 -7.53301e-08 -2.77423e-07 1.69656e-07 1.89785e-07 4.51942e-08 -2.09092e-09 1.77031e-07 1.69172e-07 -1.38253e-07 1.6561e-07 
-0.0030532 -0.00518878 0.00210089 0.000842592 0.000874488 0.000313538 0.00157029 -0.00112741 0.000895309 -0.000156103 0 0 0 0 0 0 0 0 0 0 
-0.0155032 -0.00121653 0.0124891 0.000546181 0.000336524 0.00460236 -0.00451703 -0.000933487 0.00100662 -0.000376528 0 0 0 0 0 0 0 0 0 0 
0.00132812 0.00766586 -0.00247416 0.00100017 0.00427992 0.003335 0.00150133 0.000305321 -0.00112188 -0.000406752 0 0 0 0 0 0 0 0 0 0 
-0.000180701 -0.000437907 8.5426e-05 4.7204e-06 -1.02584e-05 -3.52108e-05 4.92472e-05 6.26688e-05 2.56791e-05 4.49669e-05 0 0 0 0 0 0 0 0 0 0 
-0.00760029 0.00205273 0.00817202 -0.00177958 0.000282641 0.00364941 -0.00452447 -0.000696765 -0.000143797 -0.00108313 0 0 0 0 0 0 0 0 0 0 
0.00026537 0.000353477 -0.00059847 0.00040448 0.00277564 0.000764862 0.000105769 0.00125604 -0.000457592 0.000217571 0 0 0 0 0 0 0 0 0 0 
0.00369739 0.0053245 -0.00154305 -0.00104965 -0.00146435 -0.000397357 -0.00248619 0.00262097 -0.000311767 -0.000312973 0 0 0 0 0 0 0 0 0 0 
-0.0340543 0.00607147 0.00773671 0.00304722 -0.000390452 0.00120856 -0.000786567 -0.000418527 0.000401608 0.000475921 0 0 0 0 0 0 0 0 0 0 
0.000115126 0.00852592 -0.00246022 0.000586104 0.00427867 0.00317187 0.00135338 0.00107753 -0.00060289 -0.00089912 0 0 0 0 0 0 0 0 0 0 
-0.00376506 -0.00544059 0.00157811 0.00105747 0.00151185 0.000421368 0.0025327 -0.00267936 0.00033175 0.000284871 0 0 0 0 0 0 0 0 0 0 
-0.0341818 0.00607664 0.00772196 0.00305142 -0.000387513 0.00118255 -0.000786498 -0.000417102 0.000393886 0.000481858 0 0 0 0 0 0 0 0 0 0 
0.0003429 0.00887738 -0.00258903 0.000509864 0.00418705 0.00318674 0.00126955 0.00120875 -0.00062595 -0.000877859 0 0 0 0 0 0 0 0 0 0 
0.000299772 0.00147602 -0.000433869 0.000104678 -6.349e-05 4.08906e-05 -0.000329319 -0.000193166 -3.00587e-05 0.000177096 0 0 0 0 0 0 0 0 0 0 
-0.00323245 -0.002645 0.00526536 -0.00418676 0.000590986 0.000751973 -0.00079124 0.000422764 -0.0007176 -0.00180189 0 0 0 0 0 0 0 0 0 0 
-0.000893613 -0.00215969 0.000377694 0.000885154 0.00272367 -0.00042948 -0.000431108 0.000193892 0.000190297 0.000746802 0 0 0 0 0 0 0 0 0 0 
0.00399221 0.00412771 -0.000993864 -0.000939553 -0.00115024 -0.000115253 -0.00247512 0.00219424 -2.82964e-05 -0.000568922 0 0 0 0 0 0 0 0 0 0 
-0.0548258 0.0098847 0.00209183 0.00513131 -0.00164165 -0.00367221 0.00206152 0.00124328 -0.000493802 0.000479206 0 0 0 0 0 0 0 0 0 0 
-0.00197516 0.00644259 -0.00115865 0.00136619 0.00437315 0.00367665 0.0027713 0.00107982 0.000576603 -0.000773671 0 0 0 0 0 0 0 0 0 0 
-0.00427198 -0.00444651 0.00106851 0.000929673 0.00119372 6.83666e-05 0.00251401 -0.00224061 1.80807e-06 0.000482806 0 0 0 0 0 0 0 0 0 0 
-0.0547173 0.00999184 0.00205393 0.00511366 -0.00166007 -0.00367471 0.00204928 0.00122339 -0.000520051 0.000490792 0 0 0 0 0 0 0 0 0 0 
-0.00184264 0.00652173 -0.00116958 0.00134474 0.00429603 0.00364358 0.00276292 0.00115596 0.000597368 -0.000736443 0 0 0 0 0 0 0 0 0 0 
1.48669e-05 0.000229992 -7.614e-05 -2.22053e-05 -6.12577e-05 -4.99154e-05 -3.90995e-05 1.22387e-06 -5.15523e-05 -7.16684e-05 0 0 0 0 0 0 0 0 0 0 
-0.00157332 -0.00318117 0.00441877 -0.00463866 0.000148169 -3.88396e-05 0.000213484 0.000427182 -0.00101665 -0.00211112 0 0 0 0 0 0 0 0 0 0 
0.000822757 0.0034575 -0.00165646 5.00345e-05 0.00237466 -0.000556801 -0.00154144 -0.000388 0.00073439 0.00157489 0 0 0 0 0 0 0 0 0 0 
0.00463191 0.00476874 -0.00126728 -0.000992641 -0.00114637 4.24034e-05 -0.00265748 0.00217209 -0.000234147 -0.00048786 0 0 0 0 0 0 0 0 0 0 
-0.0568738 0.0108233 0.00120143 0.00516122 -0.00172613 -0.00430079 0.00211078 0.00135397 -0.00110519 0.000398659 0 0 0 0 0 0 0 0 0 0 
0.00169657 0.00672094 -0.000777063 0.00122736 0.00429226 0.00397804 0.00264927 0.00135199 0.000569805 -0.000108432 0 0 0 0 0 0 0 0 0 0 
-0.00467943 -0.00498085 0.00133521 0.0010062 0.00117557 -3.58997e-05 0.0026868 -0.00218711 0.000250818 0.000474928 0 0 0 0 0 0 0 0 0 0 
-0.0567384 0.011098 0.00113474 0.00513845 -0.00177379 -0.00428033 0.00204633 0.00136746 -0.00109676 0.000435851 0 0 0 0 0 0 0 0 0 0 
0.00179075 0.00692233 -0.000840709 0.00120974 0.0042583 0.00397622 0.00260841 0.00137523 0.000570088 -7.66074e-05 0 0 0 0 0 0 0 0 0 0 
-0.000115502 -0.000197162 4.09107e-05 3.24089e-05 2.25103e-06 5.35422e-05 -6.10072e-06 2.32216e-05 -2.50027e-05 1.91438e-05 0 0 0 0 0 0 0 0 0 0 
0.00601013 0.00135158 -0.000344448 -0.00212275 0.000547801 -2.97484e-05 0.000346102 -0.000142889 4.33855e-05 -0.000133164 0 0 0 0 0 0 0 0 0 0 
-0.000742253 -0.00188714 0.000420672 -0.000634877 0.000155453 -0.0011219 -0.000570341 0.000141217 -0.000424495 -0.000248986 0 0 0 0 0 0 0 0 0 0 
0.00184856 0.00324806 -0.000778344 2.92708e-05 -0.000194666 -0.000527473 9.27049e-05 -0.000674146 0.000461815 -0.000316381 0 0 0 0 0 0 0 0 0 0 
0.00262798 -0.000151631 0.00176984 -0.00384455 0.000292629 -0.000342473 0.000498585 3.09458e-05 -0.000403639 -0.00114142 0 0 0 0 0 0 0 0 0 0 
-1.31187e-05 0.00170632 -0.00114904 -0.000701837 0.00104929 -0.00183894 -0.00139668 -0.000143992 0.000409416 4.81396e-05 0 0 0 0 0 0 0 0 0 0 
-0.00178976 -0.00309123 0.000716017 -5.85367e-05 0.000178771 0.000543564 -0.000156119 0.000663687 -0.000464437 0.000383334 0 0 0 0 0 0 0 0 0 0 
0.00241091 -0.000272216 0.00190235 -0.00394903 0.000353551 -0.000335739 0.000566848 9.41313e-05 -0.000470669 -0.00119165 0 0 0 0 0 0 0 0 0 0 
-0.000311452 0.00107304 -0.00099227 -0.00063749 0.00125546 -0.00193935 -0.001377 -1.72251e-05 0.000460538 6.87694e-06 0 0 0 0 0 0 0 0 0 0 
5.06e-05 0.000152075 -1.83272e-05 -1.41524e-05 1.0663e-05 -1.55039e-05 1.8591e-05 -4.22046e-06 3.5468e-05 1.8847e-06 1.30677e-05 1.80426e-07 3.50082e-06 5.36161e-06 1.11073e-05 6.05489e-07 -2.21696e-05 3.54521e-05 1.99782e-05 -8.56775e-06 
0.010971 -0.0032162 -0.00310578 0.00257312 -0.000380691 0.00029112 -0.000193234 0.000631264 0.000933075 -0.000331908 -1.11314e-05 0.000116224 -3.76572e-06 2.02928e-05 -5.86425e-05 3.5239e-05 2.71082e-05 -3.25749e-05 3.71697e-05 3.10956e-05 
0.000430848 -0.00210183 0.000578798 -8.79729e-05 -0.00249951 0.000458346 0.000104975 -0.00085767 -0.00167124 0.00014463 8.31425e-06 -0.000112342 -1.23071e-05 -3.33061e-06 6.3975e-06 4.91406e-05 2.56789e-06 -3.10527e-05 1.79607e-05 1.16241e-05 
0.00555693 0.00737017 -0.000816892 0.000676792 -0.000721833 -0.00225597 0.000599357 -0.00126617 0.000861053 -0.00175568 0 0 0 0 0 0 0 0 0 0 
0.00490669 -4.97254e-05 0.00166219 -0.00435425 0.000602722 -0.000472454 0.000859214 0.000485634 -0.000144569 3.50477e-05 0 0 0 0 0 0 0 0 0 0 
-0.000905594 -0.00235023 0.000239 9.39057e-05 0.0023043 -0.00191353 -0.00105025 -8.45681e-06 -0.000228464 -5.3933e-05 0 0 0 0 0 0 0 0 0 0 
-0.00598649 -0.00781352 0.000796619 -0.000743493 0.000807685 0.00251142 -0.000636282 0.0013344 -0.000892711 0.00197892 0 0 0 0 0 0 0 0 0 0 
0.00456648 -0.000512612 0.00160329 -0.00454426 0.000502058 -0.000566225 0.000976299 0.000647737 -3.87658e-05 6.24271e-05 0 0 0 0 0 0 0 0 0 0 
-0.000965884 -0.00209869 0.000192822 0.0001229 0.00232919 -0.00197135 -0.00114497 -6.72776e-05 -0.000224009 -0.000103193 0 0 0 0 0 0 0 0 0 0 
0.0170509 0.0065574 0.00405852 0.0018252 -0.000139968 -0.00247567 0.00074361 -0.00111114 0.000128576 -0.00188532 0 0 0 0 0 0 0 0 0 0 
0.00183917 0.00134392 0.000365395 -0.00502897 0.00078673 -0.000740473 0.00107923 9.96563e-05 -0.000102648 0.000428994 0 0 0 0 0 0 0 0 0 0 
-0.00230942 -0.00332066 0.000387908 8.37275e-05 0.00274109 -0.00244606 -0.00138744 -0.000149151 0.000251076 0.000115729 0 0 0 0 0 0 0 0 0 0 
-0.0172187 -0.00681448 -0.0039882 -0.00181184 0.000168165 0.00246629 -0.000713921 0.00109978 -0.000104228 0.00185628 0 0 0 0 0 0 0 0 0 0 
0.00190018 0.00124202 0.000422528 -0.00501308 0.000784725 -0.000784653 0.00110033 5.69777e-05 -4.11275e-05 0.000435376 0 0 0 0 0 0 0 0 0 0 
-0.00199689 -0.00307634 0.000334567 9.67426e-05 0.00268442 -0.00249398 -0.00142026 -0.000145086 0.000293305 0.000111159 0 0 0 0 0 0 0 0 0 0 
0.0269025 0.00514952 0.00828633 0.0020178 0.000263231 -0.00149419 0.000580252 -2.82267e-05 -0.000323934 -0.000279335 0 0 0 0 0 0 0 0 0 0 
0.00231001 0.00210345 0.000268605 -0.00529667 0.000658967 -0.000805801 0.00103324 -0.00014021 1.10329e-05 0.000577804 0 0 0 0 0 0 0 0 0 0 
-0.00207918 -0.00184238 -0.000144926 2.99645e-05 0.00255636 -0.00276183 -0.00164548 -0.000228992 0.000601841 -1.4736e-05 0 0 0 0 0 0 0 0 0 0 
-0.0270281 -0.00515478 -0.00833164 -0.00202148 -0.000267794 0.00148098 -0.000571153 1.8219e-05 0.00033321 0.000254604 0 0 0 0 0 0 0 0 0 0 
0.00231012 0.00202444 0.000307668 -0.00530315 0.00067573 -0.000801348 0.0010343 -0.000142801 1.30846e-05 0.000573773 0 0 0 0 0 0 0 0 0 0 
-0.0021861 -0.00197495 -8.90834e-05 4.01562e-05 0.0025875 -0.00274485 -0.00163936 -0.000235454 0.000602405 -1.60256e-05 0 0 0 0 0 0 0 0 0 0 
-4.7335e-05 -0.000154291 1.08428e-05 8.97938e-06 2.34695e-05 8.04362e-06 1.9011e-06 -1.92514e-05 -4.05111e-05 -1.25602e-05 -4.51216e-05 3.73734e-06 -1.18333e-06 5.15486e-06 3.29608e-06 1.52257e-05 -1.05622e-05 -1.35259e-05 1.6953e-05 -3.58837e-06 
0.0110137 -0.00318598 -0.00303525 0.00254 -0.000424656 0.00025576 -0.000213566 0.000812173 0.00113439 -0.000353902 1.84573e-05 7.37217e-05 -1.9274e-05 6.06348e-06 -3.58421e-05 -5.13549e-07 4.16615e-05 -8.79344e-06 -7.82261e-06 1.25251e-05 
0.000283612 -0.00241154 0.000635138 -6.15967e-05 -0.00250621 0.000475112 -1.68446e-05 -0.000733865 -0.00162239 0.000139823 3.14987e-05 -8.71969e-05 -5.27648e-06 -1.86606e-06 -4.03828e-06 3.2153e-05 -1.39802e-05 1.31192e-05 1.26797e-05 -5.45669e-06 
0.000544768 0.000296421 6.24698e-05 4.83635e-05 -0.000235954 0.000129112 0.000174257 0.000191514 0.000450264 0.0001075 7.52552e-05 -3.73173e-05 -4.8298e-06 -8.23034e-05 2.78585e-05 -2.87571e-05 6.57052e-05 -2.4742e-05 3.46987e-05 2.79589e-05 
0.0117512 -0.0020992 -0.00388345 0.00297103 -0.000257814 0.000166726 -0.000208021 -0.000350216 -0.000376978 0.000201801 -0.000229561 -0.000188606 -0.000138098 6.9677e-05 0.000131024 5.59618e-05 -0.000106933 -4.0436e-05 2.23302e-05 0.000146858 
0.0013778 -0.00100896 0.00099697 -0.000441661 -0.00418456 0.000696503 0.000839551 0.000280929 0.000838363 8.61635e-06 0.000365752 0.000148819 7.49909e-05 -6.52671e-05 1.69012e-06 -5.66909e-06 -2.64437e-05 4.023e-05 1.80163e-05 3.46244e-05 
-0.000544815 -0.000296014 -6.26128e-05 -4.84413e-05 0.000235876 -0.000129097 -0.000174286 -0.000191439 -0.00045035 -0.000107514 -7.27763e-05 4.06595e-05 1.09265e-06 6.15164e-05 -2.40729e-05 4.52439e-05 -1.5177e-05 8.68107e-08 -2.61757e-06 9.1354e-06 
0.0117512 -0.00209915 -0.00388349 0.00297101 -0.000257873 0.000166738 -0.000208028 -0.000350229 -0.000376951 0.000201833 -0.000213487 -0.000278184 -0.000185679 0.000101044 0.000147744 9.89883e-06 -0.000122329 -6.39194e-06 4.3742e-05 0.0001127 
0.0013778 -0.00100883 0.000996893 -0.000441628 -0.00418445 0.000696556 0.000839582 0.000280766 0.000838228 8.62699e-06 0.00041309 0.000113344 5.90888e-05 -5.94451e-05 1.29719e-06 1.06191e-05 -4.35942e-05 -7.38583e-06 -1.13476e-05 5.20191e-05 
0.0319917 0.0054213 0.00988599 0.00217164 0.000274466 -0.00118612 0.000639298 0.000643649 -0.000380757 0.000788883 0 0 0 0 0 0 0 0 0 0 
0.0019278 0.0023838 1.95149e-05 -0.00539556 0.000730669 -0.000789066 0.00105941 -0.000329033 4.04818e-05 0.000548963 0 0 0 0 0 0 0 0 0 0 
-0.00171758 -0.00141832 -0.00022074 -3.05422e-05 0.00244622 -0.00304148 -0.00167394 -0.000209547 0.000722466 0.000110201 0 0 0 0 0 0 0 0 0 0 
0.0327162 0.00552645 0.0100252 0.00216184 0.000222882 -0.00115087 0.000661033 0.000742985 -0.000370435 0.000954402 0 0 0 0 0 0 0 0 0 0 
0.00208127 0.00251465 -2.2637e-05 -0.00537729 0.000707061 -0.000802075 0.00106849 -0.000353716 3.03675e-05 0.000579347 0 0 0 0 0 0 0 0 0 0 
-0.00174149 -0.00140703 -0.000229378 -7.75942e-05 0.00241122 -0.00304651 -0.00167167 -0.000185762 0.000732469 9.63265e-05 0 0 0 0 0 0 0 0 0 0 
0.0331874 0.00555741 0.0101389 0.00215023 0.000193699 -0.0011185 0.000668128 0.000810563 -0.000371175 0.00106066 0 0 0 0 0 0 0 0 0 0 
0.00206636 0.00253929 -2.84645e-05 -0.00537785 0.000708938 -0.00080519 0.00106405 -0.000378412 3.07496e-05 0.000586803 0 0 0 0 0 0 0 0 0 0 
-0.00174479 -0.00144437 -0.000209947 -8.5414e-05 0.00241486 -0.00302695 -0.00166642 -0.000181539 0.000735909 7.23951e-05 0 0 0 0 0 0 0 0 0 0 
0.0322433 0.00547535 0.00997395 0.00217845 0.000236615 -0.00113806 0.000670589 0.000646506 -0.000374044 0.00089123 0 0 0 0 0 0 0 0 0 0 
0.00208274 0.00252209 -1.41246e-05 -0.00538472 0.000732361 -0.000834199 0.00102351 -0.000329793 7.55481e-05 0.000512322 0 0 0 0 0 0 0 0 0 0 
-0.00227533 -0.00191647 -0.00012853 -4.17e-05 0.00252735 -0.00299485 -0.0016741 -9.43004e-05 0.000629696 -5.27283e-05 0 0 0 0 0 0 0 0 0 0 
0.0329243 0.00560022 0.010164 0.00214312 0.000159065 -0.00109477 0.000710189 0.000747637 -0.000322782 0.00106763 0 0 0 0 0 0 0 0 0 0 
0.00219403 0.00264259 -5.5578e-05 -0.00537613 0.000727935 -0.000848498 0.00101154 -0.000339996 6.42678e-05 0.000518239 0 0 0 0 0 0 0 0 0 0 
-0.0023381 -0.00190421 -0.000165069 -6.43463e-05 0.00250601 -0.00303244 -0.00165617 -5.17522e-05 0.000616563 -9.79335e-05 0 0 0 0 0 0 0 0 0 0 
0.0334386 0.00563066 0.0103444 0.00212914 0.000101625 -0.00105535 0.000736706 0.00082484 -0.000278364 0.00120087 0 0 0 0 0 0 0 0 0 0 
0.00217042 0.00259697 -5.28303e-05 -0.00537753 0.000742708 -0.000833955 0.00100364 -0.000337957 6.31231e-05 0.000511733 0 0 0 0 0 0 0 0 0 0 
-0.00241383 -0.00190768 -0.000178586 -7.3147e-05 0.00250853 -0.00304928 -0.00165476 -2.15233e-05 0.000608964 -0.000135132 0 0 0 0 0 0 0 0 0 0 
0.0314452 0.00526404 0.00985465 0.00224137 0.000367558 -0.00108387 0.000628515 0.000520771 -0.000483136 0.000703453 0 0 0 0 0 0 0 0 0 0 
0.00168617 0.00216448 0.000129934 -0.00546785 0.000724834 -0.00087851 0.00103052 -0.000184904 0.000125885 0.000442799 0 0 0 0 0 0 0 0 0 0 
-0.00310735 -0.00269441 8.05934e-05 7.65445e-05 0.00286777 -0.0027814 -0.00176537 -0.000109763 0.000383395 -0.000240315 0 0 0 0 0 0 0 0 0 0 
0.0318146 0.00540604 0.00993802 0.00227753 0.000355701 -0.00107381 0.000650033 0.00056617 -0.000485966 0.000807559 0 0 0 0 0 0 0 0 0 0 
0.00165014 0.00208808 0.000159594 -0.00546988 0.000758439 -0.000872919 0.00103017 -0.000194009 0.000120487 0.000429578 0 0 0 0 0 0 0 0 0 0 
-0.00329405 -0.0028236 2.36177e-05 0.000115867 0.0029275 -0.00277711 -0.00176871 -0.000106998 0.000329595 -0.000285452 0 0 0 0 0 0 0 0 0 0 
0.032134 0.00552263 0.0099927 0.00227929 0.000321153 -0.00107432 0.000654042 0.00062024 -0.000484225 0.00089001 0 0 0 0 0 0 0 0 0 0 
0.00159336 0.00197914 0.000192821 -0.00546926 0.000775707 -0.000859321 0.00103194 -0.000201278 0.000111662 0.000411507 0 0 0 0 0 0 0 0 0 0 
-0.00347868 -0.0028741 -6.57389e-05 0.000130052 0.00297939 -0.00276868 -0.00178227 -0.000141507 0.000293355 -0.000338225 0 0 0 0 0 0 0 0 0 0 
0.0318896 0.00540089 0.00991879 0.00221979 0.000280988 -0.00110437 0.000644376 0.000581853 -0.000417709 0.000816585 0 0 0 0 0 0 0 0 0 0 
0.0019142 0.0023685 4.14841e-05 -0.00540581 0.000726347 -0.000883902 0.00102502 -0.000253202 0.000127557 0.000477345 0 0 0 0 0 0 0 0 0 0 
-0.0028205 -0.00247154 1.82286e-05 2.52438e-05 0.00270723 -0.00287637 -0.00172039 -6.69154e-05 0.00049459 -0.000187292 0 0 0 0 0 0 0 0 0 0 
0.0325558 0.00560094 0.010048 0.00222498 0.000189125 -0.00108902 0.000658136 0.000658485 -0.000338606 0.000994981 0 0 0 0 0 0 0 0 0 0 
0.00198953 0.00239514 1.72848e-05 -0.0053534 0.000727232 -0.00090126 0.00102813 -0.000264207 0.000140902 0.000510955 0 0 0 0 0 0 0 0 0 0 
-0.00293836 -0.00252596 -1.96489e-05 2.66287e-05 0.00268462 -0.00288168 -0.00171602 -3.2328e-05 0.00048345 -0.000227131 0 0 0 0 0 0 0 0 0 0 
0.0330405 0.00568051 0.0101816 0.00221562 0.000137013 -0.00107597 0.000662515 0.000729229 -0.000302901 0.00111157 0 0 0 0 0 0 0 0 0 0 
0.00194003 0.00231131 4.66055e-05 -0.00535053 0.000726257 -0.000894274 0.00103265 -0.000253524 0.000137915 0.00052588 0 0 0 0 0 0 0 0 0 0 
-0.00309047 -0.00258714 -5.72178e-05 3.89026e-05 0.00269509 -0.00289537 -0.00171976 -4.08372e-05 0.000456508 -0.00027486 0 0 0 0 0 0 0 0 0 0 
0.0296304 0.00488622 0.00945717 0.0021458 0.000396536 -0.00127531 0.000620844 0.000422185 -0.000438705 0.000254881 0 0 0 0 0 0 0 0 0 0 
0.00152716 0.00176852 0.000240963 -0.005408 0.000827248 -0.000808415 0.00111318 -0.000283362 8.32484e-06 0.000534225 0 0 0 0 0 0 0 0 0 0 
-0.00128578 -0.00118289 -0.000252568 8.70764e-05 0.00241695 -0.00298127 -0.00165459 -0.000249535 0.000772872 0.000262637 0 0 0 0 0 0 0 0 0 0 
0.0303038 0.00482235 0.0096867 0.00218787 0.000435212 -0.00127281 0.000643436 0.000589171 -0.000439064 0.00037404 0 0 0 0 0 0 0 0 0 0 
0.00151503 0.00203386 0.000118615 -0.00541652 0.000746745 -0.000802825 0.00112096 -0.00022368 4.20716e-05 0.000516745 0 0 0 0 0 0 0 0 0 0 
-0.000707347 -0.000903423 -0.000262173 0.000104251 0.00230079 -0.00307485 -0.00161654 -0.000248312 0.000873423 0.000396083 0 0 0 0 0 0 0 0 0 0 
0.0309551 0.00476924 0.00982396 0.00223935 0.00045949 -0.00123586 0.000650615 0.000728433 -0.000426659 0.000486365 0 0 0 0 0 0 0 0 0 0 
0.0013768 0.00195291 8.30117e-05 -0.00540793 0.000792201 -0.000753665 0.00113461 -0.000193174 3.67167e-05 0.000463945 0 0 0 0 0 0 0 0 0 0 
-0.000319866 -0.000845578 -0.000192925 9.62581e-05 0.00224224 -0.00309326 -0.00159509 -0.000243291 0.000904773 0.000497699 0 0 0 0 0 0 0 0 0 0 
-0.0319917 -0.00542088 -0.00988605 -0.00217168 -0.000274435 0.00118597 -0.000639374 -0.000643565 0.000380754 -0.000788982 0 0 0 0 0 0 0 0 0 0 
0.00192798 0.00238392 1.94015e-05 -0.00539555 0.000730591 -0.000789164 0.00105932 -0.000328977 4.03041e-05 0.00054905 0 0 0 0 0 0 0 0 0 0 
-0.00171744 -0.00141845 -0.000220743 -3.04078e-05 0.00244629 -0.00304134 -0.00167388 -0.000209831 0.000722401 0.000110291 0 0 0 0 0 0 0 0 0 0 
-0.0327162 -0.005526 -0.0100254 -0.00216187 -0.00022288 0.00115076 -0.000661135 -0.000742897 0.000370432 -0.000954496 0 0 0 0 0 0 0 0 0 0 
0.00208134 0.00251479 -2.26915e-05 -0.00537725 0.000707054 -0.000802138 0.00106846 -0.000353699 3.02598e-05 0.000579417 0 0 0 0 0 0 0 0 0 0 
-0.00174128 -0.00140702 -0.00022944 -7.74176e-05 0.00241123 -0.00304637 -0.00167164 -0.000186068 0.000732446 9.64217e-05 0 0 0 0 0 0 0 0 0 0 
-0.0331874 -0.00555721 -0.010139 -0.00215023 -0.00019368 0.00111845 -0.000668185 -0.000810497 0.000371181 -0.00106072 0 0 0 0 0 0 0 0 0 0 
0.0020664 0.00253932 -2.84809e-05 -0.00537779 0.00070895 -0.000805207 0.00106406 -0.000378404 3.06834e-05 0.000586845 0 0 0 0 0 0 0 0 0 0 
-0.00174454 -0.00144422 -0.000210072 -8.52263e-05 0.0024148 -0.0030268 -0.00166639 -0.0001818 0.000735929 7.24462e-05 0 0 0 0 0 0 0 0 0 0 
-0.0322432 -0.00547497 -0.00997403 -0.00217843 -0.000236601 0.00113797 -0.00067069 -0.000646448 0.000374027 -0.000891312 0 0 0 0 0 0 0 0 0 0 
0.00208276 0.00252209 -1.413e-05 -0.00538475 0.00073234 -0.000834268 0.00102345 -0.000329764 7.54168e-05 0.000512335 0 0 0 0 0 0 0 0 0 0 
-0.00227523 -0.00191654 -0.00012852 -4.16625e-05 0.00252739 -0.00299482 -0.00167415 -9.44162e-05 0.000629717 -5.27415e-05 0 0 0 0 0 0 0 0 0 0 
-0.0329242 -0.00560004 -0.0101641 -0.00214312 -0.00015905 0.00109474 -0.000710233 -0.000747592 0.000322747 -0.00106769 0 0 0 0 0 0 0 0 0 0 
0.00219398 0.00264254 -5.55805e-05 -0.00537616 0.000727944 -0.000848575 0.00101149 -0.000339996 6.41673e-05 0.000518239 0 0 0 0 0 0 0 0 0 0 
-0.00233796 -0.00190417 -0.000165041 -6.43244e-05 0.00250602 -0.00303243 -0.00165625 -5.18565e-05 0.000616589 -9.79925e-05 0 0 0 0 0 0 0 0 0 0 
-0.0334386 -0.00563069 -0.0103443 -0.00212913 -0.000101575 0.00105537 -0.000736725 -0.000824778 0.000278352 -0.00120093 0 0 0 0 0 0 0 0 0 0 
0.00217044 0.00259687 -5.28406e-05 -0.00537755 0.00074273 -0.000834036 0.0010036 -0.000337946 6.30502e-05 0.000511713 0 0 0 0 0 0 0 0 0 0 
-0.00241357 -0.00190753 -0.000178635 -7.31566e-05 0.00250853 -0.00304928 -0.00165488 -2.15808e-05 0.000609023 -0.000135211 0 0 0 0 0 0 0 0 0 0 
-0.0314449 -0.00526374 -0.0098548 -0.00224123 -0.000367581 0.0010839 -0.000628674 -0.000520892 0.000483107 -0.000703513 0 0 0 0 0 0 0 0 0 0 
0.0016861 0.00216431 0.000129931 -0.0054679 0.000724944 -0.000878555 0.00103054 -0.00018484 0.000125983 0.000442628 0 0 0 0 0 0 0 0 0 0 
-0.00310748 -0.00269452 8.06921e-05 7.63905e-05 0.00286777 -0.00278143 -0.00176545 -0.000109541 0.000383412 -0.000240277 0 0 0 0 0 0 0 0 0 0 
-0.0318145 -0.00540589 -0.00993813 -0.00227745 -0.000355741 0.00107384 -0.000650108 -0.000566249 0.000485957 -0.000807618 0 0 0 0 0 0 0 0 0 0 
0.00165007 0.00208801 0.00015957 -0.0054699 0.000758518 -0.000872953 0.00103014 -0.00019395 0.000120529 0.000429459 0 0 0 0 0 0 0 0 0 0 
-0.00329409 -0.0028237 2.36956e-05 0.000115775 0.00292753 -0.00277711 -0.00176875 -0.00010685 0.000329616 -0.000285383 0 0 0 0 0 0 0 0 0 0 
-0.0321339 -0.00552267 -0.00999273 -0.00227924 -0.000321182 0.00107432 -0.000654066 -0.000620308 0.000484213 -0.000890084 0 0 0 0 0 0 0 0 0 0 
0.00159331 0.00197902 0.000192832 -0.00546928 0.000775752 -0.000859339 0.00103195 -0.000201226 0.000111686 0.000411435 0 0 0 0 0 0 0 0 0 0 
-0.00347867 -0.00287417 -6.57084e-05 0.000129983 0.00297944 -0.00276868 -0.00178228 -0.000141422 0.00029336 -0.00033819 0 0 0 0 0 0 0 0 0 0 
-0.0318895 -0.0054006 -0.00991888 -0.00221967 -0.000281002 0.00110435 -0.000644526 -0.000581883 0.000417698 -0.000816649 0 0 0 0 0 0 0 0 0 0 
0.00191413 0.00236834 4.1523e-05 -0.00540587 0.000726406 -0.000883951 0.00102505 -0.000253167 0.000127542 0.000477241 0 0 0 0 0 0 0 0 0 0 
-0.00282061 -0.00247172 1.82829e-05 2.51471e-05 0.00270725 -0.00287642 -0.0017205 -6.6856e-05 0.000494605 -0.000187281 0 0 0 0 0 0 0 0 0 0 
-0.0325557 -0.0056008 -0.0100481 -0.00222489 -0.000189166 0.00108903 -0.000658191 -0.000658476 0.000338612 -0.000995017 0 0 0 0 0 0 0 0 0 0 
0.00198951 0.00239511 1.73157e-05 -0.00535346 0.000727267 -0.000901302 0.00102815 -0.000264226 0.000140851 0.000510942 0 0 0 0 0 0 0 0 0 0 
-0.00293851 -0.00252602 -1.96776e-05 2.65402e-05 0.00268457 -0.0028818 -0.00171615 -3.23579e-05 0.000483438 -0.00022711 0 0 0 0 0 0 0 0 0 0 
-0.0330405 -0.00568061 -0.0101816 -0.00221557 -0.000137027 0.00107599 -0.00066249 -0.0007292 0.000302882 -0.00111163 0 0 0 0 0 0 0 0 0 0 
0.00193998 0.00231125 4.66003e-05 -0.00535055 0.000726302 -0.000894331 0.00103263 -0.000253552 0.000137867 0.000525868 0 0 0 0 0 0 0 0 0 0 
-0.00309053 -0.00258704 -5.73542e-05 3.87829e-05 0.00269502 -0.00289552 -0.00171988 -4.08538e-05 0.000456441 -0.000274823 0 0 0 0 0 0 0 0 0 0 
-0.0296306 -0.00488602 -0.0094571 -0.00214583 -0.000396495 0.00127526 -0.00062082 -0.000422185 0.0004388 -0.00025486 0 0 0 0 0 0 0 0 0 0 
0.00152736 0.00176883 0.000240891 -0.00540802 0.000827293 -0.000808421 0.00111319 -0.000283382 8.48649e-06 0.000534172 0 0 0 0 0 0 0 0 0 0 
-0.00128588 -0.00118322 -0.00025246 8.7039e-05 0.00241707 -0.00298134 -0.00165448 -0.000249466 0.000772831 0.000262623 0 0 0 0 0 0 0 0 0 0 
-0.030304 -0.00482234 -0.00968663 -0.00218788 -0.000435127 0.00127278 -0.000643347 -0.000589187 0.000439119 -0.000373976 0 0 0 0 0 0 0 0 0 0 
0.00151518 0.00203404 0.000118595 -0.0054165 0.000746753 -0.000802814 0.00112094 -0.000223723 4.20972e-05 0.000516769 0 0 0 0 0 0 0 0 0 0 
-0.000707457 -0.000903743 -0.000262101 0.000104297 0.00230096 -0.0030748 -0.0016164 -0.000248358 0.0008734 0.000396161 0 0 0 0 0 0 0 0 0 0 
-0.0309551 -0.00476917 -0.00982394 -0.00223933 -0.000459453 0.00123584 -0.000650588 -0.000728455 0.000426644 -0.000486337 0 0 0 0 0 0 0 0 0 0 
0.00137688 0.00195303 8.29741e-05 -0.00540796 0.00079215 -0.00075365 0.00113458 -0.000193165 3.67462e-05 0.000463927 0 0 0 0 0 0 0 0 0 0 
-0.0003198 -0.000845658 -0.000192869 9.63551e-05 0.0022424 -0.0030932 -0.00159503 -0.00024341 0.00090474 0.000497791 0 0 0 0 0 0 0 0 0 0 
