165 20
-8.69904e-05 0.000267653 0.000198957 0.000264749 0.000119664 6.43827e-05 4.68689e-05 -5.52126e-05 6.22797e-05 2.70387e-06 0 0 0 0 0 0 0 0 0 0 
-0.0205708 0.0010746 -0.010121 0.00372016 0.00182906 0.00494111 -0.000969827 -0.000646396 -0.00219632 -0.000119016 0 0 0 0 0 0 0 0 0 0 
0.00228887 0.00413536 0.00190774 -9.75981e-05 -0.00211918 0.00323999 9.59984e-05 0.000234635 0.00167308 -0.000358784 0 0 0 0 0 0 0 0 0 0 
0.000816612 0.00316969 0.00316043 0.00336456 0.00154926 0.000912661 0.000821728 -0.000647506 0.00114054 -0.000193871 0 0 0 0 0 0 0 0 0 0 
-0.0247386 0.000349258 -0.0124255 0.00254597 0.00193071 0.00546309 -0.00152725 -0.000700218 -0.00259787 -2.24897e-05 0 0 0 0 0 0 0 0 0 0 
0.00252925 0.00627435 0.0023628 -0.001004 -0.00296159 0.00396452 -0.000644765 0.00100999 0.00130762 -0.000671614 0 0 0 0 0 0 0 0 0 0 
-0.000976976 -0.00259464 -0.00272551 -0.00297934 -0.00139363 -0.000770452 -0.00077066 0.000634131 -0.00101114 0.000188067 0 0 0 0 0 0 0 0 0 0 
-0.0260035 0.000118246 -0.0123621 0.00312343 0.00233828 0.00574945 -0.00132062 -0.000578542 -0.00235367 -9.54222e-06 0 0 0 0 0 0 0 0 0 0 
0.00362745 0.00711754 0.00252435 -0.00136982 -0.00310404 0.00367467 -0.000774795 0.000609029 0.00105765 -0.000728866 0 0 0 0 0 0 0 0 0 0 
-0.000237591 -8.36527e-05 -0.000119075 -1.77061e-06 -2.43045e-06 0.000150781 6.74635e-05 0.00035121 -2.08616e-05 -4.363e-05 0 0 0 0 0 0 0 0 0 0 
-0.0142352 0.00212011 -0.00756653 0.00509806 0.000999297 0.00446098 -0.000911148 -0.000691914 -0.00178048 -0.000134033 0 0 0 0 0 0 0 0 0 0 
-0.000761306 -0.000344754 1.24372e-05 -6.65566e-05 -0.00163274 0.00200662 0.000798821 0.00011355 0.00135832 -0.00019468 0 0 0 0 0 0 0 0 0 0 
0.00436675 0.00359516 0.00280741 0.00275383 0.00159843 0.000192621 0.00060326 -0.00345646 0.000209258 -0.000554947 0 0 0 0 0 0 0 0 0 0 
-0.0472075 0.00884013 -0.00655873 -0.00111337 0.00252512 0.00205888 -0.000452528 0.000298333 -0.000180191 0.000447319 0 0 0 0 0 0 0 0 0 0 
0.00486615 0.00842083 0.00234512 -0.00298154 -0.00436219 0.00276323 -0.00184923 -0.00109505 0.000446521 -0.00057653 0 0 0 0 0 0 0 0 0 0 
-0.00415838 -0.00309261 -0.002334 -0.0022976 -0.0013907 -0.000156171 -0.000545725 0.00309072 9.43377e-06 0.000530882 0 0 0 0 0 0 0 0 0 0 
-0.0467106 0.00860288 -0.0067521 -0.00119936 0.00243189 0.00209824 -0.000498273 0.000351179 -0.000242987 0.000428564 0 0 0 0 0 0 0 0 0 0 
0.0049522 0.00835448 0.00214282 -0.003277 -0.00446606 0.00267253 -0.0018932 -0.0010832 0.000320423 -0.000592689 0 0 0 0 0 0 0 0 0 0 
0.000784163 0.00138913 0.000952809 0.000523692 0.000136642 0.000119929 0.000129307 0.000149457 2.78041e-05 4.93056e-06 0 0 0 0 0 0 0 0 0 0 
-0.00478474 -0.000983714 -0.00545451 0.00286738 -0.00237263 -2.96516e-05 -0.000834686 -0.000756723 -0.000486496 -0.000325887 0 0 0 0 0 0 0 0 0 0 
-0.00224847 -0.00194564 -0.000457182 0.000345337 -0.000873559 0.00136857 0.00188905 0.00039653 0.000985031 6.55237e-05 0 0 0 0 0 0 0 0 0 0 
0.00359964 0.00236037 0.00119464 0.00159016 0.000521442 0.00032135 0.000420952 -0.00310905 -0.000879784 -0.0011506 0 0 0 0 0 0 0 0 0 0 
-0.0736057 0.0130973 -0.000972954 -0.00597487 0.00276548 -0.00327545 0.00136953 -0.000118251 0.00150354 4.39289e-05 0 0 0 0 0 0 0 0 0 0 
0.00353337 0.00822268 0.00088663 -0.00536807 -0.00519626 0.0023316 -0.00290075 -0.000692693 -6.56777e-05 0.000279125 0 0 0 0 0 0 0 0 0 0 
-0.00460901 -0.00302868 -0.00176719 -0.00172019 -0.000697615 -0.000242138 -0.00040955 0.00321094 0.000777354 0.00108123 0 0 0 0 0 0 0 0 0 0 
-0.0739401 0.0132657 -0.000794804 -0.00595401 0.00278566 -0.00329992 0.00140137 -0.000103661 0.00153215 4.89363e-06 0 0 0 0 0 0 0 0 0 0 
0.00415572 0.00843409 0.000987094 -0.00534 -0.00515345 0.00231411 -0.00290025 -0.000740783 -7.34512e-05 0.000330476 0 0 0 0 0 0 0 0 0 0 
0.000349431 0.000700066 0.000392332 5.1771e-05 1.49771e-05 -1.07702e-05 -2.66216e-06 -5.65314e-05 -6.29374e-05 -3.4497e-08 0 0 0 0 0 0 0 0 0 0 
-2.2407e-05 -0.000234575 -0.00454421 0.00169719 -0.00304544 -0.00156145 -0.00127319 -0.000844882 -0.000834605 -0.000523136 0 0 0 0 0 0 0 0 0 0 
-0.00249703 0.00191627 0.0026628 0.00352552 0.000701026 0.0023949 0.00264571 0.00125714 0.0010028 0.000679716 0 0 0 0 0 0 0 0 0 0 
0.00604699 0.00386957 0.00238786 0.00195069 0.000996433 0.000301948 0.000293802 -0.00320356 -0.000685776 -0.000878429 0 0 0 0 0 0 0 0 0 0 
-0.0777981 0.0145645 0.000518191 -0.00609441 0.00283819 -0.00378459 0.00176679 -0.000148261 0.00174854 -0.000352559 0 0 0 0 0 0 0 0 0 0 
0.0109303 0.00875113 0.000349496 -0.00607749 -0.00563914 0.00228344 -0.00332233 -0.00095531 -0.000300345 0.000553918 0 0 0 0 0 0 0 0 0 0 
-0.00638157 -0.00410892 -0.00247083 -0.00188417 -0.000982832 -0.00026677 -0.000270739 0.00321311 0.000751374 0.000868435 0 0 0 0 0 0 0 0 0 0 
-0.0777902 0.0146979 0.000557911 -0.0060432 0.00284866 -0.00377111 0.00176455 -0.000117077 0.00174267 -0.000318835 0 0 0 0 0 0 0 0 0 0 
0.0115143 0.00898195 0.000384442 -0.00611878 -0.00566236 0.00226238 -0.00337298 -0.000994899 -0.000334077 0.000610079 0 0 0 0 0 0 0 0 0 0 
-0.000716297 -0.00070309 -0.000249851 -6.16426e-05 -2.45404e-05 0.000105455 -8.72785e-05 -5.2938e-05 0.000145114 1.17304e-05 0 0 0 0 0 0 0 0 0 0 
0.00845588 0.00106327 -0.000174997 0.00193068 -0.00214462 -0.000625676 -0.000287356 0.000294593 5.00819e-05 0.000365759 0 0 0 0 0 0 0 0 0 0 
-0.00123129 -0.00128079 -0.00048016 0.000549525 -7.80591e-05 -0.000706216 0.00104199 -0.000134837 -0.000105112 -0.000341563 0 0 0 0 0 0 0 0 0 0 
0.00265481 0.00242912 0.000857768 7.79721e-05 0.000166822 -0.000430894 0.000353652 0.000316865 -0.000611233 -6.66693e-05 0 0 0 0 0 0 0 0 0 0 
0.00440274 0.000586386 -0.00243447 0.0018237 -0.00267045 -0.00148196 -0.000817725 -0.000407887 -0.000536351 -0.000202995 0 0 0 0 0 0 0 0 0 0 
-0.00126912 0.00140789 0.00168993 0.00229553 0.00046508 0.000371386 0.00217093 0.000404574 5.94605e-05 0.000137053 0 0 0 0 0 0 0 0 0 0 
-0.00277936 -0.00259688 -0.00094274 -9.22991e-05 -0.000197589 0.000450714 -0.000411324 -0.000336926 0.000639464 7.86933e-05 0 0 0 0 0 0 0 0 0 0 
0.00419566 0.00057278 -0.00241854 0.00192681 -0.0027394 -0.00149251 -0.000778947 -0.000367402 -0.00043745 -0.000185185 0 0 0 0 0 0 0 0 0 0 
-0.0014745 0.00128674 0.00158096 0.00214186 0.000338067 0.000345607 0.00231249 0.00030868 6.66412e-05 0.000119035 0 0 0 0 0 0 0 0 0 0 
0.000809571 0.000628405 0.000201288 -0.000125477 -3.53495e-05 -0.000236453 -0.00011404 -2.6117e-05 -0.0001254 0.000225217 5.98364e-05 3.06345e-05 1.45473e-06 -2.18192e-06 -1.23474e-05 8.15145e-06 -2.07157e-05 2.69015e-05 2.8015e-05 -5.80169e-06 
0.0152091 -0.00402504 0.00268987 -0.00195908 0.00137 0.00057014 0.00024602 -0.000479142 0.000204886 0.000725496 -9.79436e-06 0.000119011 -1.32209e-05 -2.80398e-06 -4.69111e-05 -6.66612e-06 1.19857e-05 2.05867e-05 3.01593e-05 2.68668e-05 
-0.000643522 -0.00256382 -0.000513473 0.000729886 0.00182854 -0.000714628 -0.0012058 0.000445065 0.000354694 -0.00133837 -3.08102e-05 -5.80758e-05 4.65524e-05 6.57887e-06 1.72644e-05 5.56916e-05 -4.2476e-05 -3.39187e-05 -1.36885e-05 2.90896e-05 
0.0132771 0.00885084 0.00147064 -0.00154804 0.000418946 -0.00285223 0.00134874 8.58076e-05 -0.00250342 -0.000808215 0 0 0 0 0 0 0 0 0 0 
0.00572123 -0.000502584 -0.00167217 0.00352147 -0.00275374 -0.00173225 -7.06228e-05 -0.000224074 0.000913793 0.000184918 0 0 0 0 0 0 0 0 0 0 
-0.00143644 0.000863176 0.000774555 0.00130618 -8.87073e-06 0.000493271 0.00322221 1.48021e-05 -0.000802609 -9.36622e-05 0 0 0 0 0 0 0 0 0 0 
-0.0123732 -0.00787646 -0.00120866 0.00157586 -0.000353036 0.00270998 -0.00112608 2.60817e-05 0.00241988 0.000749085 0 0 0 0 0 0 0 0 0 0 
0.00561004 -0.000479599 -0.00185223 0.00334696 -0.00260912 -0.00162895 -5.15216e-05 -0.000230953 0.000735598 0.000132843 0 0 0 0 0 0 0 0 0 0 
-0.00176285 -0.000457319 5.13931e-05 0.000766149 -0.000274306 0.000434492 0.00291659 -0.000126392 -0.000379856 1.50873e-05 0 0 0 0 0 0 0 0 0 0 
0.0258718 0.0080129 -0.00232252 -0.000506572 0.00167646 -0.00178797 0.00184739 0.00051707 -0.0011379 -0.000999806 0 0 0 0 0 0 0 0 0 0 
0.00260096 -0.000118172 -0.00161875 0.00229266 -0.00391163 -0.00225247 -0.000381048 0.000206771 0.000212124 -0.00029839 0 0 0 0 0 0 0 0 0 0 
-0.00495622 -0.00310972 -0.000998556 0.00055331 -0.000614693 0.000392129 0.00347571 0.000159954 1.32147e-05 0.000323124 0 0 0 0 0 0 0 0 0 0 
-0.0265985 -0.00778136 0.00265204 0.000665481 -0.00160756 0.00176537 -0.00179968 -0.000566595 0.00101638 0.000989001 0 0 0 0 0 0 0 0 0 0 
0.00432564 0.00163795 -0.000472176 0.00293231 -0.00351735 -0.00229686 -0.000256578 -2.76034e-05 3.84111e-05 -0.000232569 0 0 0 0 0 0 0 0 0 0 
-0.00428068 -0.0024433 -0.000636358 0.000777514 -0.000527698 0.000454637 0.00350944 5.66916e-05 2.43463e-05 0.000396085 0 0 0 0 0 0 0 0 0 0 
0.0426244 0.00706629 -0.00723589 -0.00100071 0.00151339 -0.000602293 0.00110297 0.000197393 0.000485142 -0.000428577 0 0 0 0 0 0 0 0 0 0 
0.00356014 0.00152493 -0.000579493 0.00367783 -0.00341368 -0.00216834 -0.00025679 0.000288659 0.000101471 -7.39012e-05 0 0 0 0 0 0 0 0 0 0 
-0.00298869 -0.00152484 -0.000640489 -0.0002977 -0.00110606 -0.000149136 0.00350844 -0.000326837 -0.000932734 0.000454785 0 0 0 0 0 0 0 0 0 0 
-0.0426764 -0.00700368 0.00728649 0.000964191 -0.00153846 0.000571721 -0.00111052 -0.00021252 -0.000521528 0.000419218 0 0 0 0 0 0 0 0 0 0 
0.00369065 0.00151698 -0.000594088 0.0036629 -0.00342119 -0.00216466 -0.000269499 0.000297389 7.82752e-05 -5.61561e-05 0 0 0 0 0 0 0 0 0 0 
-0.00306697 -0.00116227 -0.000336239 -0.000132586 -0.00105633 -0.000128901 0.00355806 -0.000288921 -0.000953558 0.000488876 0 0 0 0 0 0 0 0 0 0 
-0.000353178 -0.000288151 -5.8674e-05 8.89076e-05 1.50865e-05 0.000119637 7.17776e-05 2.00817e-05 6.41015e-05 -0.000107133 -6.34408e-05 -9.86997e-06 3.22236e-06 1.56295e-05 -2.66114e-06 1.23098e-05 -5.22085e-06 1.26316e-05 2.09427e-05 -9.75375e-06 
0.0151456 -0.00392655 0.00279823 -0.00191065 0.00144861 0.000594918 0.000253893 -0.000470402 0.000215963 0.000800395 -3.20337e-05 7.60698e-05 -5.88103e-05 -5.45859e-06 -6.77269e-05 2.46961e-06 2.24492e-05 1.80822e-05 -2.37244e-05 2.27003e-05 
-0.000768791 -0.00261787 -0.000501788 0.00075811 0.00186761 -0.000680143 -0.00119841 0.000475509 0.000373496 -0.00142446 -2.67796e-05 -0.000153118 -1.79512e-05 -2.92514e-07 3.03377e-05 4.94172e-05 -5.36215e-05 3.30296e-06 7.11411e-06 2.58749e-05 
0.000942451 0.000313477 6.77605e-05 -1.45398e-05 0.000149378 -0.000193958 -0.000168204 -0.000141537 -0.000150708 0.000569849 7.52552e-05 -3.73173e-05 -4.8298e-06 -8.23034e-05 2.78585e-05 -2.87571e-05 6.57052e-05 -2.4742e-05 3.46987e-05 2.79589e-05 
0.0171044 -0.00307816 0.00355466 -0.0025004 0.00147177 0.000802347 0.000168587 0.000233934 -0.000251349 -0.000243598 -0.000229561 -0.000188606 -0.000138098 6.9677e-05 0.000131024 5.59618e-05 -0.000106933 -4.0436e-05 2.23302e-05 0.000146858 
0.000840702 -0.00137114 -0.000255009 0.00127304 0.00264354 -0.00157676 -0.00223199 -2.72627e-06 -1.24159e-05 0.000751512 0.000365752 0.000148819 7.49909e-05 -6.52671e-05 1.69012e-06 -5.66909e-06 -2.64437e-05 4.023e-05 1.80163e-05 3.46244e-05 
-0.000942467 -0.000313423 -6.76667e-05 1.45509e-05 -0.000149369 0.00019399 0.000168181 0.000141465 0.000150646 -0.000569892 -7.27763e-05 4.06595e-05 1.09265e-06 6.15164e-05 -2.40729e-05 4.52439e-05 -1.5177e-05 8.68107e-08 -2.61757e-06 9.1354e-06 
0.0171045 -0.00307808 0.00355469 -0.00250044 0.00147177 0.000802348 0.000168616 0.000233938 -0.000251376 -0.000243569 -0.000213487 -0.000278184 -0.000185679 0.000101044 0.000147744 9.89883e-06 -0.000122329 -6.39194e-06 4.3742e-05 0.0001127 
0.000840489 -0.0013711 -0.000254954 0.00127318 0.00264363 -0.00157668 -0.0022319 -2.61613e-06 -1.23708e-05 0.000751436 0.00041309 0.000113344 5.90888e-05 -5.94451e-05 1.29719e-06 1.06191e-05 -4.35942e-05 -7.38583e-06 -1.13476e-05 5.20191e-05 
0.0499549 0.00768186 -0.00847112 -0.000896962 0.00170917 -0.000213002 0.00084574 6.78357e-05 0.00129775 0.000252893 0 0 0 0 0 0 0 0 0 0 
0.00354812 0.00179171 -0.000376352 0.00354005 -0.00366528 -0.00214886 -0.000311457 0.000340453 -0.000176569 -0.000109145 0 0 0 0 0 0 0 0 0 0 
-0.00173404 -0.000684131 -0.000442267 -0.000621797 -0.00135903 -0.00040862 0.00354932 -0.000485006 -0.00135245 0.000729841 0 0 0 0 0 0 0 0 0 0 
0.0513729 0.00785693 -0.00864862 -0.00106951 0.00167482 -0.000262523 0.000717144 -2.37433e-05 0.00129566 0.000360873 0 0 0 0 0 0 0 0 0 0 
0.00376598 0.00190714 -0.000321552 0.00352243 -0.0036428 -0.00216272 -0.0003187 0.000372883 -0.000218971 -9.12085e-05 0 0 0 0 0 0 0 0 0 0 
-0.00167858 -0.00063385 -0.000419901 -0.000622955 -0.00137552 -0.00043483 0.00350725 -0.000527823 -0.00137195 0.000736163 0 0 0 0 0 0 0 0 0 0 
0.0523527 0.00794359 -0.00880716 -0.00120711 0.00163327 -0.000296701 0.000629702 -0.000103958 0.00128606 0.00042847 0 0 0 0 0 0 0 0 0 0 
0.00363517 0.00188835 -0.000309576 0.00355967 -0.00361106 -0.00213943 -0.000292794 0.000413283 -0.000218819 -9.80198e-05 0 0 0 0 0 0 0 0 0 0 
-0.00180512 -0.000692115 -0.0004165 -0.000565692 -0.00133648 -0.000397634 0.00351117 -0.000533139 -0.00133873 0.000721337 0 0 0 0 0 0 0 0 0 0 
0.0504933 0.00778017 -0.00856453 -0.000979117 0.00170878 -0.000249462 0.000759294 8.20447e-05 0.00130271 0.000274064 0 0 0 0 0 0 0 0 0 0 
0.00367288 0.00190885 -0.000261664 0.00361941 -0.00362081 -0.00216969 -0.000281287 0.000316211 -0.000165285 -8.55122e-05 0 0 0 0 0 0 0 0 0 0 
-0.0032055 -0.00128953 -0.000549366 -0.000323811 -0.00125957 -0.000257059 0.003653 -0.000539614 -0.00108357 0.000586834 0 0 0 0 0 0 0 0 0 0 
0.0518773 0.00801102 -0.0087597 -0.00114318 0.00164227 -0.000327706 0.000611299 -8.12992e-06 0.00127371 0.000406125 0 0 0 0 0 0 0 0 0 0 
0.00371013 0.00199909 -0.000176612 0.00369835 -0.00358549 -0.00216071 -0.000255636 0.000337332 -0.000151312 -7.44695e-05 0 0 0 0 0 0 0 0 0 0 
-0.00334452 -0.00128607 -0.000515386 -0.000310311 -0.00126166 -0.000284619 0.00365011 -0.000602061 -0.00107184 0.000565015 0 0 0 0 0 0 0 0 0 0 
0.0528816 0.00810135 -0.0089445 -0.00124766 0.00161582 -0.00036185 0.00050898 -6.65424e-05 0.00126827 0.00051628 0 0 0 0 0 0 0 0 0 0 
0.00351761 0.00193453 -0.000152959 0.00376055 -0.00355495 -0.00212945 -0.000226688 0.000355859 -0.000114072 -9.15353e-05 0 0 0 0 0 0 0 0 0 0 
-0.00354197 -0.00132088 -0.000491461 -0.000278409 -0.00124671 -0.000285504 0.00367696 -0.000638109 -0.0010442 0.000543012 0 0 0 0 0 0 0 0 0 0 
0.0491606 0.00745531 -0.00849121 -0.000958176 0.00172956 -0.000164297 0.000828226 0.000185167 0.0013032 3.76437e-05 0 0 0 0 0 0 0 0 0 0 
0.00312856 0.00157151 -0.00046225 0.00358846 -0.00364479 -0.00225309 -0.000321676 0.000173643 -7.34181e-05 -0.000157408 0 0 0 0 0 0 0 0 0 0 
-0.00557115 -0.002327 -0.000808957 0.000128771 -0.00109651 0.000183199 0.0038974 -0.000381524 -0.000627314 0.000266337 0 0 0 0 0 0 0 0 0 0 
0.0502339 0.00772811 -0.0086181 -0.00125236 0.00162094 -0.000258099 0.000710968 0.000120724 0.00122131 7.57231e-05 0 0 0 0 0 0 0 0 0 0 
0.0029735 0.00147606 -0.000479252 0.00365495 -0.00363399 -0.00221941 -0.000306553 0.000201384 -4.14283e-05 -0.000174934 0 0 0 0 0 0 0 0 0 0 
-0.0061415 -0.0025624 -0.000767739 0.000246169 -0.00101415 0.000239041 0.00397904 -0.000339352 -0.000516858 0.000207328 0 0 0 0 0 0 0 0 0 0 
0.0510729 0.00793285 -0.00869564 -0.00143306 0.00155874 -0.000336541 0.000630264 5.43006e-05 0.00116009 0.000118957 0 0 0 0 0 0 0 0 0 0 
0.00275109 0.00134769 -0.000504252 0.00371627 -0.00360641 -0.00218007 -0.000293677 0.000235889 -1.04734e-05 -0.000186327 0 0 0 0 0 0 0 0 0 0 
-0.00654989 -0.00265398 -0.000694011 0.000311616 -0.000984594 0.000274547 0.00402832 -0.000292483 -0.00048824 0.000162589 0 0 0 0 0 0 0 0 0 0 
0.0499516 0.0076566 -0.00853588 -0.000988802 0.00172776 -0.000213926 0.000781769 0.000130709 0.00129918 0.000161349 0 0 0 0 0 0 0 0 0 0 
0.00347001 0.00177124 -0.0003233 0.00358312 -0.00362793 -0.00223214 -0.000290756 0.000228258 -0.000121249 -9.36511e-05 0 0 0 0 0 0 0 0 0 0 
-0.0046447 -0.00195725 -0.000733236 -7.61553e-05 -0.0011671 -1.88514e-05 0.00379583 -0.00049897 -0.000824333 0.000403372 0 0 0 0 0 0 0 0 0 0 
0.0514935 0.00796662 -0.00871756 -0.00125521 0.00164721 -0.000309216 0.000646529 1.70398e-05 0.00122064 0.000290761 0 0 0 0 0 0 0 0 0 0 
0.00355637 0.00179335 -0.000275412 0.00359693 -0.0035939 -0.00221511 -0.000255459 0.00024658 -9.24296e-05 -4.46516e-05 0 0 0 0 0 0 0 0 0 0 
-0.00492449 -0.00203277 -0.000682166 -2.14801e-05 -0.00111635 -1.32438e-05 0.00383273 -0.000524083 -0.000796661 0.000393372 0 0 0 0 0 0 0 0 0 0 
0.0525837 0.00813916 -0.0088776 -0.00143501 0.00158351 -0.000370142 0.000550082 -7.25044e-05 0.0011603 0.000377485 0 0 0 0 0 0 0 0 0 0 
0.00338019 0.00169888 -0.000292896 0.00365262 -0.00355342 -0.0021966 -0.000232568 0.000257732 -2.93821e-05 -3.80642e-05 0 0 0 0 0 0 0 0 0 0 
-0.00523799 -0.00211342 -0.000651981 4.76457e-06 -0.00109675 -6.8365e-06 0.00386757 -0.000520944 -0.000778825 0.000359901 0 0 0 0 0 0 0 0 0 0 
0.0460466 0.00702544 -0.00813762 -0.000805901 0.00164492 -0.000220726 0.00106626 0.000134436 0.00116879 -0.000138243 0 0 0 0 0 0 0 0 0 0 
0.00232969 0.00114915 -0.000579137 0.00384658 -0.00356315 -0.002019 -0.000206062 0.00040242 0.000122092 -0.000144097 0 0 0 0 0 0 0 0 0 0 
-0.000933348 -0.000445256 -0.000391524 -0.000740487 -0.00131474 -0.000444616 0.00347624 -0.000373653 -0.00140873 0.000774935 0 0 0 0 0 0 0 0 0 0 
0.0470576 0.00699016 -0.00836469 -0.000835925 0.00162186 -0.000170791 0.00108024 3.93169e-05 0.00132674 -1.92103e-05 0 0 0 0 0 0 0 0 0 0 
0.00249007 0.00137769 -0.000447523 0.00380498 -0.00356352 -0.00209295 -0.000236871 0.000327996 8.14968e-05 -0.00013283 0 0 0 0 0 0 0 0 0 0 
0.000725776 2.5405e-05 -0.000450531 -0.00118431 -0.0014546 -0.00068855 0.00334362 -0.000448393 -0.00169864 0.000908334 0 0 0 0 0 0 0 0 0 0 
0.0481461 0.0068929 -0.00854098 -0.000919021 0.0016198 -0.00012965 0.00108252 -4.39863e-05 0.00144428 8.48713e-05 0 0 0 0 0 0 0 0 0 0 
0.00223871 0.00118811 -0.000452194 0.00381378 -0.00355806 -0.00204357 -0.00019267 0.000311766 0.000151232 -0.000174869 0 0 0 0 0 0 0 0 0 0 
0.00160342 0.000198569 -0.000559661 -0.00138895 -0.00153338 -0.000775996 0.00325565 -0.000475657 -0.00181702 0.000972335 0 0 0 0 0 0 0 0 0 0 
-0.0499543 -0.00768134 0.0084712 0.000896772 -0.00170934 0.000212905 -0.000845737 -6.80567e-05 -0.00129797 -0.000252897 0 0 0 0 0 0 0 0 0 0 
0.00354815 0.00179193 -0.000376133 0.00354024 -0.00366517 -0.00214885 -0.000311312 0.000340406 -0.000176425 -0.00010919 0 0 0 0 0 0 0 0 0 0 
-0.00173403 -0.000684249 -0.0004423 -0.000621853 -0.00135896 -0.000408526 0.00354933 -0.000484656 -0.00135243 0.000729819 0 0 0 0 0 0 0 0 0 0 
-0.0513725 -0.00785653 0.00864873 0.00106944 -0.0016749 0.000262459 -0.000717114 2.35786e-05 -0.00129582 -0.000360857 0 0 0 0 0 0 0 0 0 0 
0.00376609 0.00190733 -0.00032148 0.00352245 -0.00364275 -0.00216271 -0.000318613 0.000372868 -0.000218876 -9.12675e-05 0 0 0 0 0 0 0 0 0 0 
-0.00167845 -0.000633815 -0.00041977 -0.000622906 -0.00137537 -0.000434673 0.00350725 -0.00052748 -0.00137196 0.000736199 0 0 0 0 0 0 0 0 0 0 
-0.0523525 -0.00794338 0.00880725 0.00120706 -0.00163333 0.000296639 -0.000629679 0.000103853 -0.00128616 -0.000428429 0 0 0 0 0 0 0 0 0 0 
0.00363536 0.00188842 -0.000309574 0.0035596 -0.00361106 -0.00213947 -0.000292774 0.00041327 -0.000218775 -9.8065e-05 0 0 0 0 0 0 0 0 0 0 
-0.00180498 -0.000692056 -0.000416277 -0.000565521 -0.00133627 -0.000397448 0.00351116 -0.000532813 -0.00133872 0.000721372 0 0 0 0 0 0 0 0 0 0 
-0.0504929 -0.00777983 0.00856466 0.000979091 -0.00170882 0.000249458 -0.00075925 -8.21852e-05 -0.00130286 -0.000274102 0 0 0 0 0 0 0 0 0 0 
0.00367277 0.00190891 -0.000261648 0.0036195 -0.00362079 -0.00216973 -0.000281249 0.000316176 -0.00016525 -8.55305e-05 0 0 0 0 0 0 0 0 0 0 
-0.00320549 -0.00128957 -0.000549372 -0.000323771 -0.00125947 -0.000257006 0.00365304 -0.000539438 -0.00108357 0.000586855 0 0 0 0 0 0 0 0 0 0 
-0.0518771 -0.00801084 0.00875976 0.00114315 -0.00164231 0.000327692 -0.00061127 8.00871e-06 -0.00127379 -0.000406143 0 0 0 0 0 0 0 0 0 0 
0.00371001 0.0019991 -0.000176626 0.00369837 -0.0035855 -0.00216075 -0.000255627 0.000337313 -0.00015129 -7.45079e-05 0 0 0 0 0 0 0 0 0 0 
-0.00334452 -0.00128606 -0.000515411 -0.000310175 -0.00126148 -0.000284545 0.00365015 -0.000601882 -0.00107184 0.000565046 0 0 0 0 0 0 0 0 0 0 
-0.0528814 -0.00810127 0.00894446 0.00124752 -0.00161592 0.000361804 -0.000508997 6.64291e-05 -0.00126835 -0.000516292 0 0 0 0 0 0 0 0 0 0 
0.00351763 0.00193453 -0.000152969 0.00376055 -0.00355498 -0.00212947 -0.000226648 0.000355824 -0.000114092 -9.15626e-05 0 0 0 0 0 0 0 0 0 0 
-0.00354196 -0.00132088 -0.000491422 -0.000278159 -0.0012465 -0.0002854 0.00367704 -0.000637932 -0.00104419 0.000543028 0 0 0 0 0 0 0 0 0 0 
-0.0491603 -0.00745516 0.00849145 0.000958309 -0.00172937 0.000164425 -0.000828162 -0.000185016 -0.00130328 -3.77604e-05 0 0 0 0 0 0 0 0 0 0 
0.00312871 0.00157127 -0.000462499 0.00358821 -0.00364495 -0.0022532 -0.000321705 0.000173555 -7.35887e-05 -0.000157294 0 0 0 0 0 0 0 0 0 0 
-0.00557128 -0.00232701 -0.000808942 0.000128777 -0.00109665 0.00018314 0.00389738 -0.00038177 -0.000627215 0.000266279 0 0 0 0 0 0 0 0 0 0 
-0.0502338 -0.00772802 0.00861824 0.00125246 -0.00162081 0.000258166 -0.000710934 -0.000120615 -0.00122135 -7.57586e-05 0 0 0 0 0 0 0 0 0 0 
0.00297355 0.00147597 -0.000479331 0.00365485 -0.00363408 -0.00221944 -0.000306542 0.000201321 -4.15142e-05 -0.000174909 0 0 0 0 0 0 0 0 0 0 
-0.00614155 -0.00256243 -0.000767731 0.000246182 -0.00101424 0.000239035 0.00397907 -0.000339502 -0.000516737 0.000207304 0 0 0 0 0 0 0 0 0 0 
-0.0510729 -0.00793286 0.00869567 0.00143308 -0.00155866 0.000336543 -0.000630256 -5.42442e-05 -0.00116013 -0.000118973 0 0 0 0 0 0 0 0 0 0 
0.00275109 0.00134762 -0.000504276 0.00371623 -0.00360646 -0.00218008 -0.000293675 0.000235847 -1.05173e-05 -0.000186334 0 0 0 0 0 0 0 0 0 0 
-0.00654984 -0.00265402 -0.000694022 0.000311593 -0.000984672 0.000274547 0.00402833 -0.000292558 -0.000488195 0.000162546 0 0 0 0 0 0 0 0 0 0 
-0.0499512 -0.00765639 0.00853605 0.000988849 -0.00172767 0.000213999 -0.000781712 -0.000130696 -0.00129928 -0.00016144 0 0 0 0 0 0 0 0 0 0 
0.00347 0.00177111 -0.000323489 0.003583 -0.00362805 -0.00223223 -0.00029077 0.000228191 -0.000121362 -9.35808e-05 0 0 0 0 0 0 0 0 0 0 
-0.00464478 -0.00195735 -0.00073323 -7.61532e-05 -0.00116714 -1.88748e-05 0.00379586 -0.000499053 -0.000824279 0.00040335 0 0 0 0 0 0 0 0 0 0 
-0.0514932 -0.00796652 0.00871765 0.00125522 -0.00164717 0.000309271 -0.000646495 -1.70432e-05 -0.00122066 -0.00029081 0 0 0 0 0 0 0 0 0 0 
0.00355638 0.00179335 -0.000275513 0.00359686 -0.00359397 -0.00221517 -0.000255441 0.000246534 -9.25067e-05 -4.46324e-05 0 0 0 0 0 0 0 0 0 0 
-0.00492455 -0.00203285 -0.000682141 -2.14707e-05 -0.00111633 -1.32755e-05 0.00383276 -0.000524179 -0.000796645 0.000393366 0 0 0 0 0 0 0 0 0 0 
-0.0525835 -0.00813919 0.00887761 0.00143498 -0.00158348 0.000370156 -0.000550078 7.24966e-05 -0.00116031 -0.000377536 0 0 0 0 0 0 0 0 0 0 
0.00338019 0.00169883 -0.000292942 0.00365257 -0.00355345 -0.00219664 -0.000232518 0.000257716 -2.94439e-05 -3.80736e-05 0 0 0 0 0 0 0 0 0 0 
-0.00523789 -0.00211337 -0.000651876 4.78926e-06 -0.00109671 -6.85468e-06 0.00386762 -0.000521075 -0.000778825 0.000359851 0 0 0 0 0 0 0 0 0 0 
-0.0460467 -0.00702525 0.00813761 0.000805928 -0.00164494 0.000220721 -0.00106625 -0.000134436 -0.00116887 0.000138297 0 0 0 0 0 0 0 0 0 0 
0.00232954 0.00114931 -0.000578806 0.0038469 -0.00356301 -0.00201886 -0.000205904 0.000402454 0.000122096 -0.00014397 0 0 0 0 0 0 0 0 0 0 
-0.00093315 -0.000445449 -0.000391809 -0.000740892 -0.00131505 -0.000444797 0.00347616 -0.000373716 -0.00140881 0.000774817 0 0 0 0 0 0 0 0 0 0 
-0.0470576 -0.00699005 0.00836454 0.00083572 -0.00162203 0.000170736 -0.00108032 -3.93417e-05 -0.00132685 1.92521e-05 0 0 0 0 0 0 0 0 0 0 
0.00249004 0.00137775 -0.000447368 0.00380511 -0.00356343 -0.00209289 -0.000236763 0.000328018 8.15518e-05 -0.000132788 0 0 0 0 0 0 0 0 0 0 
0.000725805 2.52367e-05 -0.000450766 -0.00118463 -0.00145477 -0.000688615 0.00334358 -0.000448308 -0.00169863 0.000908312 0 0 0 0 0 0 0 0 0 0 
-0.048146 -0.0068928 0.00854087 0.000918881 -0.0016199 0.00012966 -0.00108262 4.39594e-05 -0.00144436 -8.48783e-05 0 0 0 0 0 0 0 0 0 0 
0.00223885 0.00118823 -0.000452066 0.00381384 -0.00355802 -0.00204361 -0.000192606 0.000311722 0.000151215 -0.000174841 0 0 0 0 0 0 0 0 0 0 
0.00160343 0.000198494 -0.000559718 -0.00138901 -0.00153337 -0.00077594 0.00325569 -0.000475498 -0.00181701 0.00097234 0 0 0 0 0 0 0 0 0 0 
