165 20
-9.101e-05 0.000270029 0.000134286 -2.41479e-05 -5.45325e-05 2.98381e-05 6.01064e-06 -1.12449e-05 5.98721e-06 5.90825e-06 0 0 0 0 0 0 0 0 0 0 
0.014967 0.000524858 -0.0114273 -0.000778675 -0.00168312 0.00343066 -0.00424818 -0.000195033 -0.000794202 -7.99616e-05 0 0 0 0 0 0 0 0 0 0 
-0.000875487 0.00375501 0.00166893 -0.00165928 0.00106239 0.002341 0.000123687 0.000352985 0.00023994 -0.000403529 0 0 0 0 0 0 0 0 0 0 
-0.002346 0.00312754 0.00187812 -7.13543e-05 -0.000416211 -0.000181054 -0.000910021 0.000603924 0.000886265 -0.000424504 0 0 0 0 0 0 0 0 0 0 
0.0183615 -0.000195585 -0.0130341 -0.000275489 -0.00167615 0.00410728 -0.00422042 -9.36649e-06 -0.00125329 -0.000149792 0 0 0 0 0 0 0 0 0 0 
-0.000238859 0.00633197 0.00254717 -0.00211333 0.000729186 0.00367171 0.000431584 -0.000382574 -7.69401e-05 -0.00084267 0 0 0 0 0 0 0 0 0 0 
0.00228981 -0.00279343 -0.00168185 -7.56441e-06 0.000368137 0.000292866 0.000912977 -0.000649759 -0.000790471 0.000331756 0 0 0 0 0 0 0 0 0 0 
0.0185935 -0.000509743 -0.0132728 -0.000182748 -0.00168339 0.00409803 -0.00425202 -3.89791e-05 -0.00115768 -0.000230701 0 0 0 0 0 0 0 0 0 0 
-0.000324874 0.00686499 0.00277495 -0.0019884 0.000712425 0.00340295 0.000194083 -4.19898e-06 -7.68959e-05 -0.000710117 0 0 0 0 0 0 0 0 0 0 
9.13428e-05 0.000182008 -0.000135177 5.43224e-05 -5.37542e-05 6.7297e-05 4.11751e-05 -0.000291995 -0.000157878 -9.2646e-05 0 0 0 0 0 0 0 0 0 0 
0.00983941 0.00154836 -0.00901525 -0.00209793 -0.00163413 0.00287776 -0.00338618 0.000188061 -0.000547766 -8.82571e-05 0 0 0 0 0 0 0 0 0 0 
0.000399235 -0.000159469 -0.000159492 -0.00127673 0.00161515 0.00124077 0.000242634 9.55818e-05 -5.18156e-05 -1.84794e-05 0 0 0 0 0 0 0 0 0 0 
-0.00371089 0.00354532 0.00209107 -4.68663e-05 -0.000376715 -0.000799056 -0.00200396 0.00274456 0.000828519 -0.000790954 0 0 0 0 0 0 0 0 0 0 
0.0367763 0.00765099 -0.00561062 0.00294448 -0.000779796 0.00203175 -0.000729816 3.94808e-05 0.000304966 0.00048643 0 0 0 0 0 0 0 0 0 0 
0.000791698 0.0075797 0.00355962 -0.00236292 0.00102014 0.00425505 0.00149237 0.00131878 -0.00117691 -0.000309532 0 0 0 0 0 0 0 0 0 0 
0.00305594 -0.00266629 -0.00156359 2.81379e-06 0.000215055 0.000738221 0.00173155 -0.00244073 -0.000543155 0.000793938 0 0 0 0 0 0 0 0 0 0 
0.0362566 0.00725331 -0.00593877 0.00285031 -0.000797916 0.00215749 -0.00078219 -5.03132e-05 0.000231033 0.00046069 0 0 0 0 0 0 0 0 0 0 
0.000955494 0.0075527 0.00353053 -0.00223929 0.00107591 0.00414337 0.00141056 0.00140638 -0.0011411 -0.000295206 0 0 0 0 0 0 0 0 0 0 
-0.000921215 0.00209629 0.0012697 -0.000413678 -0.000268589 -2.77078e-05 -9.28917e-05 -0.000575397 0.000163203 -8.02045e-05 0 0 0 0 0 0 0 0 0 0 
0.00360743 0.00130292 -0.0047348 -0.00313521 -0.000711791 0.000262263 -0.00116288 0.000169038 -8.16768e-06 0.000218193 0 0 0 0 0 0 0 0 0 0 
0.000179119 -0.000814267 -0.000494986 -0.001028 0.00213273 0.000267879 -0.00013718 -0.000370949 0.000355249 -0.000229726 0 0 0 0 0 0 0 0 0 0 
-0.00231728 0.00204916 0.000706078 -0.00036171 0.000134739 -0.00046568 -0.00202071 0.00252769 8.47894e-05 -0.00112571 0 0 0 0 0 0 0 0 0 0 
0.0588545 0.00948454 0.000942129 0.00627609 0.00129692 -0.00202205 0.00252626 7.48304e-05 0.000941628 -1.99549e-05 0 0 0 0 0 0 0 0 0 0 
0.00345878 0.0069686 0.00296046 -0.00230364 0.00109387 0.00511147 0.00248779 0.000510383 -0.00144373 -0.000200017 0 0 0 0 0 0 0 0 0 0 
0.00262283 -0.00249055 -0.0011688 0.000283421 -2.24809e-05 0.000560654 0.00206692 -0.00251785 -0.000309071 0.00105539 0 0 0 0 0 0 0 0 0 0 
0.0591924 0.00944165 0.000992799 0.00631962 0.00132437 -0.00205909 0.00256006 8.86262e-05 0.000956424 -6.04231e-05 0 0 0 0 0 0 0 0 0 0 
0.00328026 0.00687432 0.00291547 -0.00227961 0.00113024 0.00510355 0.00253335 0.000485015 -0.00145674 -0.000169486 0 0 0 0 0 0 0 0 0 0 
-0.000218344 0.00088907 0.000556181 -2.64543e-05 -0.000100504 -4.8283e-06 -0.000126644 -3.48976e-05 -1.36508e-05 -1.32248e-05 0 0 0 0 0 0 0 0 0 0 
0.00131601 0.00150369 -0.00330505 -0.00323548 -0.000761465 -0.000689719 -0.000646741 0.000251756 0.000124231 0.000499931 0 0 0 0 0 0 0 0 0 0 
-0.000859588 0.00265968 0.00116485 -0.00100354 0.00163235 -0.000112751 -0.00145356 -0.000757913 0.000872362 0.000249198 0 0 0 0 0 0 0 0 0 0 
-0.00366609 0.00313442 0.00162647 -0.000242721 -0.000284862 -0.000635767 -0.00227882 0.0022298 0.000846028 -0.000936073 0 0 0 0 0 0 0 0 0 0 
0.0622686 0.00989344 0.001956 0.00676206 0.00151497 -0.00264507 0.00278219 0.000413341 0.000837857 -0.000127655 0 0 0 0 0 0 0 0 0 0 
-0.00159557 0.00716809 0.00261158 -0.00225324 0.000984978 0.00546731 0.00263263 0.000770707 -0.00111034 0.000824509 0 0 0 0 0 0 0 0 0 0 
0.00360378 -0.00323454 -0.00166931 0.000262419 0.000301152 0.000634744 0.00229708 -0.00220396 -0.00086419 0.000984491 0 0 0 0 0 0 0 0 0 0 
0.0623199 0.00999669 0.00199201 0.00673671 0.00149832 -0.00261838 0.00276132 0.000348435 0.000854025 -0.000152167 0 0 0 0 0 0 0 0 0 0 
-0.00185118 0.00727619 0.00262276 -0.00226133 0.000965357 0.00549662 0.00263809 0.000777693 -0.00108082 0.000899027 0 0 0 0 0 0 0 0 0 0 
0.000280136 -0.00050077 -0.000152697 -5.63932e-05 -2.18772e-05 0.000140795 5.58984e-05 4.25646e-05 0.000122507 8.08502e-06 0 0 0 0 0 0 0 0 0 0 
-0.00650475 0.00208084 0.000188928 -0.0030808 -0.000193992 -0.00067814 3.38444e-05 -0.000477856 0.000480347 0.000565067 0 0 0 0 0 0 0 0 0 0 
0.00065554 -0.00134553 -0.000862423 -0.000359806 0.0013081 -0.00124318 -0.000493277 5.25009e-05 0.000504109 0.000693351 0 0 0 0 0 0 0 0 0 0 
-0.00129139 0.00220369 0.000636206 0.000330752 0.000184804 -0.000637255 -0.000305622 -0.000223249 -0.000625404 -0.000152437 -1.78547e-06 3.19553e-06 2.2076e-06 2.06791e-07 9.83575e-07 -1.25175e-07 -1.01248e-06 -1.01392e-06 1.55284e-06 5.88933e-08 
-0.00195941 0.00177547 -0.00203339 -0.0032195 -0.000542838 -0.00099192 -0.000401433 0.000119026 0.00028784 0.000624735 -2.85195e-06 -1.32194e-06 -2.73199e-06 -1.22795e-06 -4.47223e-06 -1.26561e-06 -3.89286e-06 -4.12338e-06 3.32919e-06 -3.0052e-06 
-0.000462697 0.0016751 0.000664949 -0.000562254 0.00158138 -0.00134502 -0.00132363 -0.000272481 0.000651085 0.000590475 5.41261e-07 -2.40291e-06 3.2834e-06 2.79313e-06 -6.45866e-07 -1.91602e-06 4.07953e-06 1.8182e-06 -5.90909e-07 2.35244e-06 
0.00136778 -0.0023105 -0.000693994 -0.000334827 -0.000179658 0.000622009 0.000326862 0.000263243 0.000598215 0.000175575 -1.80856e-07 -1.28385e-06 -1.04951e-06 5.78765e-07 -3.06774e-07 4.79925e-07 7.15088e-09 1.67786e-06 -5.90817e-07 -1.88032e-07 
-0.00196079 0.00194292 -0.00189218 -0.00328693 -0.000625335 -0.000961505 -0.000370926 2.53364e-05 0.000340247 0.000646693 -1.95048e-06 -1.14905e-06 -1.81199e-06 -8.965e-07 -2.70621e-06 -9.84108e-07 -2.1397e-06 -2.68355e-06 1.49393e-06 -1.73142e-06 
-0.000357107 0.00202305 0.000831181 -0.000514827 0.00169581 -0.00129395 -0.00148002 -0.000372987 0.000770668 0.000579248 4.92987e-07 -1.15258e-06 2.06802e-06 1.8185e-06 -2.63399e-07 -1.0646e-06 2.22806e-06 1.36797e-06 1.29294e-07 1.34573e-06 
-0.000315766 0.000714357 0.000339217 -6.61263e-06 -7.92146e-05 -0.000185188 -5.77342e-05 -4.76893e-05 -7.14794e-05 0.000264055 7.59906e-06 2.99086e-05 1.63535e-06 4.61079e-06 -1.82405e-06 8.82836e-06 2.52226e-06 -1.45919e-07 -1.32399e-06 4.57691e-06 
-0.0120837 -0.00384227 0.00253107 0.00209275 0.000715595 0.000416475 -5.02255e-05 0.000649039 -6.26121e-05 0.000361522 -8.47062e-05 -9.96712e-06 -4.5186e-05 -1.61315e-05 -4.40378e-05 -1.07516e-05 2.16902e-05 3.22919e-05 1.14978e-05 2.18534e-05 
-0.000582337 -0.00294509 -0.000995198 0.00105476 -0.00204578 -0.000408851 0.000376871 -0.000220112 0.000526474 -0.00111082 6.92639e-05 -3.03652e-05 8.84464e-05 2.9725e-05 2.74766e-05 3.26409e-05 -3.47625e-05 -1.46458e-05 -6.13619e-06 4.20745e-05 
-0.00615112 0.00833448 0.00153684 0.00204198 0.00122841 -0.00344664 -0.000726786 -0.000152448 -0.00297442 -0.000903745 0 0 0 0 0 0 0 0 0 0 
-0.00515638 0.00091151 -0.00186942 -0.00455333 -0.000102059 -0.00201819 0.00116113 0.000603862 0.000241569 0.000105498 0 0 0 0 0 0 0 0 0 0 
0.00038818 0.00124062 -1.76726e-05 2.14902e-05 0.00299693 -0.00131252 -0.00202872 -0.000109347 -0.000191988 0.000621569 0 0 0 0 0 0 0 0 0 0 
0.0057516 -0.00742844 -0.00127757 -0.00187928 -0.00105315 0.00325452 0.000626828 9.12146e-05 0.00275831 0.000816076 0 0 0 0 0 0 0 0 0 0 
-0.00502361 0.000708752 -0.00203279 -0.00428304 -3.1887e-05 -0.00195234 0.000926347 0.000557098 0.000205872 0.000145762 0 0 0 0 0 0 0 0 0 0 
0.000526185 -0.000303299 -0.00081509 -6.72882e-05 0.00302009 -0.00105644 -0.00148829 1.15526e-05 1.75055e-05 0.00067762 0 0 0 0 0 0 0 0 0 0 
-0.0159718 0.00791188 -0.00235886 0.00277927 0.00135233 -0.00244374 -0.000245839 -0.000241692 -0.00221998 -0.00124876 0 0 0 0 0 0 0 0 0 0 
-0.00120018 0.000448474 -0.0014666 -0.00470542 -0.000348752 -0.0017234 0.00130986 1.11404e-05 -5.4225e-05 -0.000509668 0 0 0 0 0 0 0 0 0 0 
0.00236503 -0.00249488 -0.00153346 -0.000514718 0.00347674 -0.001121 -0.000764367 -0.000435637 0.000463908 0.000131929 0 0 0 0 0 0 0 0 0 0 
0.016603 -0.00772103 0.00269018 -0.00276411 -0.00137294 0.00230341 7.87419e-05 0.000322369 0.00204523 0.00127133 0 0 0 0 0 0 0 0 0 0 
-0.0022725 0.00221924 -0.000466655 -0.0046185 -0.000547127 -0.00202692 0.000852117 0.000119852 -0.000101811 -0.00013045 0 0 0 0 0 0 0 0 0 0 
0.00188094 -0.00150999 -0.00102968 -0.000522996 0.00342228 -0.00115776 -0.00103487 -0.000401627 0.000498487 0.000265973 0 0 0 0 0 0 0 0 0 0 
-0.0277501 0.00767206 -0.00694074 0.00261989 0.00087254 -0.000532744 0.000833277 -4.16166e-06 4.31508e-05 -0.000663677 0 0 0 0 0 0 0 0 0 0 
-0.00257932 0.00203745 -0.000901121 -0.00507324 -0.000577692 -0.00217562 0.00095145 -0.000151906 3.21153e-05 -0.000109229 0 0 0 0 0 0 0 0 0 0 
0.00200304 -0.00103592 -0.000714159 -0.000437629 0.00367691 -0.00139047 -0.00134961 -0.000206909 0.000156785 0.000406506 0 0 0 0 0 0 0 0 0 0 
0.0278422 -0.00773526 0.00691441 -0.00261077 -0.000864522 0.000527849 -0.000826048 1.6812e-05 -4.10768e-05 0.00063665 0 0 0 0 0 0 0 0 0 0 
-0.0026881 0.00218061 -0.000816105 -0.0050871 -0.000578542 -0.00217237 0.000918353 -0.000164004 2.39213e-05 -8.61066e-05 0 0 0 0 0 0 0 0 0 0 
0.00205147 -0.000999496 -0.000701133 -0.000457906 0.00366431 -0.001379 -0.0013298 -0.000200638 0.00016318 0.000423279 0 0 0 0 0 0 0 0 0 0 
8.73321e-05 -8.24764e-05 -5.16071e-05 -1.38343e-05 4.68991e-05 5.96625e-05 2.28734e-05 0.000118702 -2.88471e-05 -0.000107954 -9.5827e-06 1.60257e-05 8.46116e-06 1.60072e-05 -2.07011e-05 8.84441e-06 -3.74747e-06 -1.81645e-05 -2.99342e-05 4.91535e-06 
-0.0121096 -0.00380649 0.00264064 0.00215705 0.000678158 0.00046957 -3.9866e-05 0.000556893 -3.14856e-05 0.000328212 -0.000211568 -6.82424e-05 -1.68245e-05 6.1721e-06 -4.15618e-05 -3.78824e-06 2.21423e-05 3.33759e-05 -1.55233e-06 2.82037e-05 
-0.000486914 -0.00271479 -0.00085521 0.00100527 -0.00216502 -0.000398661 0.000375849 -0.000361206 0.000549267 -0.00113789 0.000153262 -0.000201455 -3.84004e-05 1.89468e-05 -4.9397e-06 5.05529e-05 -2.91278e-05 2.54323e-05 -3.26677e-05 2.73307e-05 
-0.00051196 0.000284892 0.000142253 6.73349e-05 -0.000216416 -0.00024956 -6.84619e-05 7.38586e-05 -4.45186e-05 0.000479152 7.52552e-05 -3.73173e-05 -4.8298e-06 -8.23034e-05 2.78585e-05 -2.87571e-05 6.57052e-05 -2.4742e-05 3.46987e-05 2.79589e-05 
-0.0130535 -0.00325009 0.00340335 0.00253847 0.000431329 0.000993052 -0.000238191 -0.00037707 -4.18488e-05 -1.99288e-05 -0.000229561 -0.000188606 -0.000138098 6.9677e-05 0.000131024 5.59618e-05 -0.000106933 -4.0436e-05 2.23302e-05 0.000146858 
-0.00181203 -0.00153355 -0.000304641 0.00153008 -0.00335703 -0.00101105 0.0002575 0.000204411 -0.000322377 0.000370934 0.000365752 0.000148819 7.49909e-05 -6.52671e-05 1.69012e-06 -5.66909e-06 -2.64437e-05 4.023e-05 1.80163e-05 3.46244e-05 
0.00051197 -0.000284889 -0.000142152 -6.74355e-05 0.000216501 0.000249633 6.83711e-05 -7.3725e-05 4.44005e-05 -0.000479161 -7.27763e-05 4.06595e-05 1.09265e-06 6.15164e-05 -2.40729e-05 4.52439e-05 -1.5177e-05 8.68107e-08 -2.61757e-06 9.1354e-06 
-0.0130536 -0.00325016 0.00340343 0.00253846 0.000431403 0.000993015 -0.000238244 -0.000376926 -4.18295e-05 -2.00005e-05 -0.000213487 -0.000278184 -0.000185679 0.000101044 0.000147744 9.89883e-06 -0.000122329 -6.39194e-06 4.3742e-05 0.0001127 
-0.00181196 -0.00153349 -0.000304645 0.00153002 -0.00335705 -0.00101115 0.000257524 0.000204313 -0.000322247 0.000370931 0.00041309 0.000113344 5.90888e-05 -5.94451e-05 1.29719e-06 1.06191e-05 -4.35942e-05 -7.38583e-06 -1.13476e-05 5.20191e-05 
-0.0329197 0.00873381 -0.00802215 0.00275822 0.00064998 0.000171849 0.00132151 0.000127904 0.00100683 0.000275879 0 0 0 0 0 0 0 0 0 0 
-0.0024329 0.00236362 -0.00063426 -0.00508992 -0.000594475 -0.00200251 0.00086471 -0.000205362 -0.000338722 -0.000160478 0 0 0 0 0 0 0 0 0 0 
0.00157613 -0.000391835 -0.000483278 -0.000464675 0.00378351 -0.00132627 -0.00148579 -0.00016262 1.38457e-05 0.000794934 0 0 0 0 0 0 0 0 0 0 
-0.0337211 0.00884202 -0.00816775 0.00283626 0.000611211 0.000264315 0.00141131 0.000195104 0.00108477 0.000541564 0 0 0 0 0 0 0 0 0 0 
-0.00251041 0.00245845 -0.000574837 -0.00506177 -0.00061848 -0.00202201 0.000843068 -0.000257918 -0.000363686 -9.59535e-05 0 0 0 0 0 0 0 0 0 0 
0.00154649 -0.000332964 -0.000435244 -0.000422802 0.00378181 -0.00128868 -0.00150861 -0.000104307 -2.11084e-05 0.000852072 0 0 0 0 0 0 0 0 0 0 
-0.0342582 0.00888699 -0.00831559 0.00288915 0.000608539 0.000330894 0.00146852 0.000250622 0.00112798 0.000739832 0 0 0 0 0 0 0 0 0 0 
-0.00244487 0.0024258 -0.000588163 -0.00506087 -0.000613848 -0.00201717 0.00084231 -0.000319266 -0.000362668 -0.000108131 0 0 0 0 0 0 0 0 0 0 
0.00154735 -0.000382227 -0.000462699 -0.000366703 0.0037957 -0.0012521 -0.00152086 -6.89041e-05 -3.02448e-05 0.000842786 0 0 0 0 0 0 0 0 0 0 
-0.0331616 0.00878846 -0.00810098 0.00278387 0.000579412 0.000178966 0.00136777 7.39096e-05 0.0010698 0.000355142 0 0 0 0 0 0 0 0 0 0 
-0.00255577 0.00249192 -0.000505466 -0.00508461 -0.000618693 -0.00205498 0.000852505 -0.000170685 -0.000311425 -9.04591e-05 0 0 0 0 0 0 0 0 0 0 
0.00219374 -0.00087792 -0.000721164 -0.000532226 0.00382383 -0.00134775 -0.00141709 5.14709e-05 7.22147e-06 0.000482884 0 0 0 0 0 0 0 0 0 0 
-0.0339051 0.00891767 -0.00826726 0.00282947 0.000531041 0.000272167 0.00144461 0.000120375 0.00113069 0.000623239 0 0 0 0 0 0 0 0 0 0 
-0.00260766 0.00259638 -0.000417324 -0.00509583 -0.000646645 -0.00208878 0.000828643 -0.000189986 -0.000313128 -7.63631e-05 0 0 0 0 0 0 0 0 0 0 
0.00230109 -0.000909561 -0.000696593 -0.000539614 0.00382054 -0.00136962 -0.00141868 0.00013469 -9.97275e-06 0.00044897 0 0 0 0 0 0 0 0 0 0 
-0.0345051 0.00896214 -0.00843793 0.00286566 0.000507254 0.00035216 0.00151059 0.000151572 0.00117616 0.000840573 0 0 0 0 0 0 0 0 0 0 
-0.00253143 0.00255634 -0.00040142 -0.00509297 -0.000642853 -0.00209988 0.000824408 -0.000193608 -0.000280486 -0.000121215 0 0 0 0 0 0 0 0 0 0 
0.00239105 -0.000946611 -0.00069159 -0.000513416 0.0038377 -0.00138618 -0.00143243 0.000180071 -2.16736e-05 0.000405722 0 0 0 0 0 0 0 0 0 0 
-0.0323187 0.0084689 -0.00807016 0.00272229 0.000573781 5.38607e-05 0.00132527 -2.52961e-05 0.00103308 1.67852e-06 0 0 0 0 0 0 0 0 0 0 
-0.00226613 0.00212504 -0.000689876 -0.00506142 -0.000556977 -0.00205358 0.000948184 -2.05356e-05 -0.000308557 -0.000171673 0 0 0 0 0 0 0 0 0 0 
0.0032287 -0.00168422 -0.00119724 -0.000659971 0.00392546 -0.00133296 -0.00130601 5.22285e-05 0.000149104 -0.000178867 0 0 0 0 0 0 0 0 0 0 
-0.0327028 0.00862187 -0.00812673 0.00273954 0.000545016 7.01668e-05 0.00136989 -3.46234e-05 0.00109457 0.000128407 0 0 0 0 0 0 0 0 0 0 
-0.00223081 0.00207829 -0.000704475 -0.0051033 -0.000560207 -0.00204741 0.000952739 -6.28259e-05 -0.000331357 -0.000209255 0 0 0 0 0 0 0 0 0 0 
0.00342291 -0.00183618 -0.00121234 -0.000649437 0.00391055 -0.0014006 -0.00129179 4.5764e-05 0.000199815 -0.000290317 0 0 0 0 0 0 0 0 0 0 
-0.0330559 0.00872988 -0.00816244 0.00276125 0.000524144 7.21481e-05 0.00140021 -2.39423e-05 0.0011331 0.000247548 0 0 0 0 0 0 0 0 0 0 
-0.00217512 0.00196448 -0.000738205 -0.005116 -0.000569999 -0.00204967 0.000962672 -9.92156e-05 -0.000335601 -0.000251208 0 0 0 0 0 0 0 0 0 0 
0.00360065 -0.00188742 -0.00115781 -0.00065496 0.00388386 -0.00144781 -0.00130843 2.56684e-05 0.000221208 -0.000387248 0 0 0 0 0 0 0 0 0 0 
-0.0327966 0.00865772 -0.0080947 0.00276303 0.000567748 0.000114691 0.00134597 1.47862e-05 0.00107215 0.000190579 0 0 0 0 0 0 0 0 0 0 
-0.00245439 0.00234914 -0.000532609 -0.00506244 -0.000571606 -0.00206929 0.000902149 -6.63613e-05 -0.00028772 -9.28091e-05 0 0 0 0 0 0 0 0 0 0 
0.00282563 -0.00140138 -0.00103837 -0.000604459 0.00389694 -0.00135031 -0.00135512 0.000127588 4.79763e-05 9.91149e-05 0 0 0 0 0 0 0 0 0 0 
-0.03355 0.00885693 -0.00822076 0.00281759 0.000551275 0.000205418 0.00139587 6.47386e-05 0.00115833 0.00044573 0 0 0 0 0 0 0 0 0 0 
-0.00251279 0.00239656 -0.000484729 -0.005055 -0.000547991 -0.00208055 0.000892757 -5.11784e-05 -0.000228044 -5.35822e-05 0 0 0 0 0 0 0 0 0 0 
0.00293019 -0.00144242 -0.00101914 -0.000592482 0.00389661 -0.00138894 -0.00138232 0.000169703 4.19811e-05 6.52816e-05 0 0 0 0 0 0 0 0 0 0 
-0.034107 0.00895009 -0.00833676 0.00285369 0.000550435 0.000274132 0.00142833 0.000110098 0.00119555 0.000623628 0 0 0 0 0 0 0 0 0 0 
-0.00245961 0.00232053 -0.000516444 -0.00503641 -0.000534457 -0.00209026 0.000910738 -3.86403e-05 -0.000181131 -7.13797e-05 0 0 0 0 0 0 0 0 0 0 
0.00308844 -0.00148655 -0.000987876 -0.000594836 0.00390476 -0.00142343 -0.00140168 0.000190575 2.08063e-05 7.44034e-06 0 0 0 0 0 0 0 0 0 0 
-0.0303803 0.00804051 -0.00775696 0.00263242 0.000815924 -5.80965e-05 0.00117607 0.000145035 0.000706365 -0.000392004 0 0 0 0 0 0 0 0 0 0 
-0.00203437 0.00184784 -0.000950579 -0.00517316 -0.000504041 -0.00194762 0.000979967 -0.000119709 -0.000220571 -0.000279006 0 0 0 0 0 0 0 0 0 0 
0.00122118 -0.000331449 -0.000458921 -0.000415717 0.00368456 -0.00140033 -0.00147014 -0.000374171 4.37833e-05 0.000883205 0 0 0 0 0 0 0 0 0 0 
-0.0311128 0.00805378 -0.00797616 0.00263888 0.000864522 4.52447e-05 0.00128494 0.000273763 0.00087629 -0.000279902 0 0 0 0 0 0 0 0 0 0 
-0.00208331 0.00206189 -0.000794843 -0.00514336 -0.000539966 -0.00202413 0.000906564 -5.82232e-05 -0.000245981 -0.000263634 0 0 0 0 0 0 0 0 0 0 
0.000559151 -5.32638e-05 -0.000413615 -0.000314885 0.00366012 -0.00142105 -0.00147082 -0.000452824 -3.89822e-05 0.0012139 0 0 0 0 0 0 0 0 0 0 
-0.031918 0.00794317 -0.00816581 0.00267522 0.000904986 0.000120801 0.00138548 0.000355419 0.00107568 -0.000172131 0 0 0 0 0 0 0 0 0 0 
-0.00201522 0.00189089 -0.000837973 -0.00512652 -0.000474417 -0.00202591 0.000880144 -5.10343e-05 -0.000151692 -0.000360904 0 0 0 0 0 0 0 0 0 0 
0.000210371 4.55589e-05 -0.000479179 -0.000270823 0.00365989 -0.00137849 -0.0014298 -0.000493315 -9.0986e-05 0.00140349 0 0 0 0 0 0 0 0 0 0 
0.0329195 -0.00873346 0.00802227 -0.00275819 -0.000649899 -0.000171849 -0.00132161 -0.000127682 -0.00100707 -0.000275773 0 0 0 0 0 0 0 0 0 0 
-0.00243309 0.00236397 -0.000634148 -0.00508981 -0.000594505 -0.0020026 0.000864671 -0.000205358 -0.000338469 -0.000160472 0 0 0 0 0 0 0 0 0 0 
0.00157619 -0.000391877 -0.000483275 -0.000464686 0.0037834 -0.00132629 -0.0014858 -0.000163008 1.39772e-05 0.000794992 0 0 0 0 0 0 0 0 0 0 
0.0337209 -0.00884183 0.00816785 -0.00283625 -0.000611166 -0.00026433 -0.0014113 -0.000194971 -0.00108493 -0.00054152 0 0 0 0 0 0 0 0 0 0 
-0.00251052 0.00245869 -0.000574803 -0.00506168 -0.000618495 -0.00202203 0.00084306 -0.00025797 -0.000363475 -9.59711e-05 0 0 0 0 0 0 0 0 0 0 
0.00154639 -0.000332957 -0.000435163 -0.000422886 0.00378165 -0.00128867 -0.00150866 -0.000104746 -2.09512e-05 0.000852156 0 0 0 0 0 0 0 0 0 0 
0.0342581 -0.00888685 0.00831568 -0.00288916 -0.000608511 -0.000330904 -0.00146851 -0.000250546 -0.00112811 -0.000739771 0 0 0 0 0 0 0 0 0 0 
-0.002445 0.002426 -0.000588114 -0.00506079 -0.000613871 -0.00201721 0.000842273 -0.000319309 -0.00036255 -0.000108125 0 0 0 0 0 0 0 0 0 0 
0.00154711 -0.00038214 -0.000462596 -0.000366794 0.00379552 -0.0012521 -0.00152096 -6.93053e-05 -3.01298e-05 0.000842849 0 0 0 0 0 0 0 0 0 0 
0.0331614 -0.00878819 0.0081011 -0.00278385 -0.000579375 -0.000178964 -0.00136786 -7.37772e-05 -0.00106995 -0.000355096 0 0 0 0 0 0 0 0 0 0 
-0.00255578 0.00249198 -0.000505473 -0.0050846 -0.000618716 -0.00205504 0.000852554 -0.000170686 -0.00031138 -9.04075e-05 0 0 0 0 0 0 0 0 0 0 
0.00219366 -0.000877829 -0.000721096 -0.000532223 0.00382375 -0.00134775 -0.00141714 5.11992e-05 7.34024e-06 0.000482862 0 0 0 0 0 0 0 0 0 0 
0.033905 -0.00891749 0.00826734 -0.00282945 -0.000530977 -0.000272157 -0.00144468 -0.00012023 -0.00113083 -0.000623188 0 0 0 0 0 0 0 0 0 0 
-0.00260751 0.00259638 -0.00041732 -0.00509583 -0.000646665 -0.00208884 0.0008287 -0.000189963 -0.000313124 -7.63144e-05 0 0 0 0 0 0 0 0 0 0 
0.00230104 -0.000909559 -0.000696626 -0.000539616 0.00382046 -0.00136962 -0.00141876 0.00013436 -9.81853e-06 0.000448934 0 0 0 0 0 0 0 0 0 0 
0.0345051 -0.00896198 0.00843797 -0.00286566 -0.000507194 -0.000352143 -0.00151062 -0.000151466 -0.00117632 -0.000840506 0 0 0 0 0 0 0 0 0 0 
-0.00253141 0.00255642 -0.000401387 -0.00509296 -0.000642836 -0.00209995 0.000824375 -0.00019354 -0.000280519 -0.00012119 0 0 0 0 0 0 0 0 0 0 
0.00239084 -0.000946613 -0.000691655 -0.0005134 0.00383761 -0.00138615 -0.00143253 0.000179706 -2.14777e-05 0.000405633 0 0 0 0 0 0 0 0 0 0 
0.0323186 -0.00846884 0.00807026 -0.00272231 -0.000573929 -5.39455e-05 -0.00132541 2.50536e-05 -0.00103294 -1.74282e-06 0 0 0 0 0 0 0 0 0 0 
-0.00226609 0.00212474 -0.00069008 -0.00506149 -0.000556897 -0.0020535 0.000948272 -2.05568e-05 -0.000308769 -0.000171672 0 0 0 0 0 0 0 0 0 0 
0.00322868 -0.00168412 -0.00119713 -0.000659907 0.00392562 -0.00133297 -0.00130585 5.26196e-05 0.000148994 -0.000179038 0 0 0 0 0 0 0 0 0 0 
0.0327028 -0.00862179 0.00812679 -0.00273954 -0.000545102 -7.02336e-05 -0.00137002 3.44766e-05 -0.00109452 -0.000128397 0 0 0 0 0 0 0 0 0 0 
-0.00223079 0.00207816 -0.000704566 -0.00510336 -0.00056014 -0.00204733 0.000952797 -6.28142e-05 -0.000331474 -0.000209286 0 0 0 0 0 0 0 0 0 0 
0.00342281 -0.00183611 -0.00121227 -0.000649396 0.00391069 -0.00140056 -0.00129169 4.59925e-05 0.000199797 -0.000290465 0 0 0 0 0 0 0 0 0 0 
0.0330559 -0.0087298 0.00816249 -0.00276123 -0.00052423 -7.22146e-05 -0.00140033 2.38477e-05 -0.00113308 -0.000247515 0 0 0 0 0 0 0 0 0 0 
-0.00217512 0.00196445 -0.000738207 -0.00511604 -0.000569969 -0.00204962 0.000962649 -9.92247e-05 -0.000335621 -0.000251318 0 0 0 0 0 0 0 0 0 0 
0.00360053 -0.00188744 -0.00115781 -0.000654946 0.00388394 -0.00144774 -0.0013084 2.57839e-05 0.000221221 -0.000387389 0 0 0 0 0 0 0 0 0 0 
0.0327964 -0.0086576 0.0080948 -0.00276306 -0.000567839 -0.000114742 -0.00134608 -1.48829e-05 -0.00107212 -0.000190605 0 0 0 0 0 0 0 0 0 0 
-0.00245432 0.00234898 -0.000532764 -0.00506247 -0.000571544 -0.00206925 0.000902243 -6.63544e-05 -0.000287886 -9.27504e-05 0 0 0 0 0 0 0 0 0 0 
0.00282557 -0.00140131 -0.00103823 -0.000604432 0.00389701 -0.00135033 -0.00135506 0.00012773 4.79636e-05 9.90296e-05 0 0 0 0 0 0 0 0 0 0 
0.0335498 -0.00885682 0.00822084 -0.0028176 -0.000551323 -0.000205435 -0.00139595 -6.47658e-05 -0.00115827 -0.000445759 0 0 0 0 0 0 0 0 0 0 
-0.00251272 0.0023965 -0.000484839 -0.00505498 -0.00054792 -0.00208053 0.000892809 -5.1142e-05 -0.00022816 -5.35322e-05 0 0 0 0 0 0 0 0 0 0 
0.00293016 -0.00144233 -0.00101897 -0.000592506 0.00389665 -0.00138895 -0.00138231 0.000169851 4.19116e-05 6.53233e-05 0 0 0 0 0 0 0 0 0 0 
0.0341069 -0.00895007 0.00833676 -0.00285368 -0.000550463 -0.000274146 -0.00142835 -0.000110068 -0.00119552 -0.000623665 0 0 0 0 0 0 0 0 0 0 
-0.00245962 0.00232053 -0.000516479 -0.00503641 -0.000534421 -0.00209027 0.000910738 -3.8629e-05 -0.00018119 -7.13757e-05 0 0 0 0 0 0 0 0 0 0 
0.00308831 -0.0014865 -0.000987748 -0.000594845 0.00390484 -0.00142339 -0.00140173 0.000190746 2.07594e-05 7.47997e-06 0 0 0 0 0 0 0 0 0 0 
0.0303804 -0.00804054 0.00775684 -0.00263239 -0.000815931 5.81006e-05 -0.00117611 -0.000144916 -0.000706425 0.000392074 0 0 0 0 0 0 0 0 0 0 
-0.00203466 0.001848 -0.000950412 -0.00517314 -0.000504025 -0.00194773 0.000979717 -0.000119532 -0.000220577 -0.000278974 0 0 0 0 0 0 0 0 0 0 
0.00122154 -0.000331848 -0.000459169 -0.000415663 0.00368462 -0.00140039 -0.00147001 -0.000374069 4.37332e-05 0.00088322 0 0 0 0 0 0 0 0 0 0 
0.031113 -0.00805401 0.00797591 -0.00263888 -0.000864491 -4.52164e-05 -0.00128491 -0.000273629 -0.000876396 0.000280007 0 0 0 0 0 0 0 0 0 0 
-0.0020835 0.002062 -0.000794738 -0.0051433 -0.000539977 -0.00202425 0.000906444 -5.81513e-05 -0.000245843 -0.000263627 0 0 0 0 0 0 0 0 0 0 
0.000559436 -5.3527e-05 -0.000413877 -0.0003148 0.00366013 -0.00142105 -0.0014707 -0.000452868 -3.89424e-05 0.00121396 0 0 0 0 0 0 0 0 0 0 
0.0319181 -0.00794342 0.00816561 -0.00267523 -0.000904948 -0.00012079 -0.00138545 -0.000355359 -0.00107578 0.000172204 0 0 0 0 0 0 0 0 0 0 
-0.00201534 0.00189109 -0.000837812 -0.00512646 -0.000474442 -0.002026 0.000880065 -5.10014e-05 -0.000151648 -0.000360888 0 0 0 0 0 0 0 0 0 0 
0.000210337 4.54155e-05 -0.000479304 -0.000270744 0.00365988 -0.00137853 -0.00142976 -0.000493428 -9.0943e-05 0.00140351 0 0 0 0 0 0 0 0 0 0 
