45 45
-0.00650028 -0.04344379  0.10452165 -0.04290032 -0.01148165  0.30764769
  0.01499071  0.06449855  0.11080695  0.1850788  -0.07475541  0.37530018
 -0.01601488 -0.02957637  0.30040418 -0.01445867  0.03200612  0.23033395
  0.56046335  0.10498113  0.53979338 -0.04861453  0.0577444   0.2192575
  0.21002038 -0.02164149  0.16389004  0.20009143  0.07326803  0.53099856
  0.12327712  0.06226075  0.2260862   0.05398351 -0.01169113  0.23691437
 -0.1249095  -0.09014706 -0.03418164  0.11230106  0.11169215  0.00861833
 -0.07716585 -0.02685974 -0.04002178
-0.06110773  0.02876029  0.08521016 -0.05559212  0.02463993 -0.13902152
  0.09642048 -0.00060188 -0.28239816  0.0476439   0.02211329  0.06034102
 -0.04805707 -0.05859246 -0.22738094 -0.05480567  0.01410703 -0.24781774
  0.29477723 -0.03107661  0.14423706 -0.43971438 -0.12156734 -0.17276381
  0.00237381 -0.12386419 -0.32690025  0.07859779  0.00902613  0.14061299
 -0.10282959 -0.07330199 -0.36222153 -0.04677494 -0.00428569 -0.21868271
 -0.28034911 -0.18166811  0.14600247  0.05381168  0.05532042 -0.21162423
 -0.03388724  0.15772257  0.1093505 
-0.10643368  0.09303449 -0.30140026  0.14722639  0.0010746  -0.16410437
 -0.06178006 -0.05960697  0.16366052 -0.07701944 -0.02686809 -0.41579497
  0.03778314  0.00812436  0.19374502 -0.00212578  0.00960324  0.05753939
  0.25259848 -0.15777079  0.07957044 -0.17324439  0.0597323   0.12908574
  0.12797925 -0.04824599 -0.04825139  0.09923541 -0.13283026 -0.20355944
 -0.06458801 -0.06507676  0.20480414 -0.02290192  0.08383756  0.04287495
 -0.13255465 -0.01144093  0.08761089  0.00488825 -0.08817399 -0.10281385
 -0.0422121  -0.06010533  0.15104497
-0.02684294 -0.00941185  0.2099608  -0.08695131  0.05175504  0.27334859
  0.11699758  0.04745695 -0.02851159  0.00915233  0.04008851  0.00633558
  0.02440695 -0.0012958   0.11565861 -0.00551746  0.02275955  0.00548033
 -0.06044975 -0.00098658 -0.17491832  0.09513135 -0.00228787  0.04317467
 -0.04253759  0.01697909  0.05347063 -0.01982059  0.00961054 -0.13786231
  0.00285466 -0.00801421  0.07683318  0.01611691  0.01680652  0.02525977
 -0.2439445  -0.09612733  0.18074423 -0.02275326  0.01281095 -0.21776304
 -0.10621364 -0.03929938  0.28347689
 0.0163184  -0.03648127  0.05039751 -0.02569587 -0.00026573  0.21002613
  0.00355164  0.04446924  0.14934366 -0.04689402 -0.01338777 -0.01659678
  0.01502268  0.02760374 -0.01114827  0.01311816  0.0022309   0.07036175
  0.02704538 -0.07914851  0.04942447 -0.15908393  0.00462598 -0.11610068
  0.01621533 -0.01470668 -0.0864484  -0.04509325 -0.03272299 -0.08445951
 -0.01817684 -0.00807422 -0.15422053  0.01412392 -0.00688752  0.0287605
  0.0624809   0.10739129 -0.02567511 -0.02488125  0.00926429  0.09507975
 -0.06070257 -0.16679802  0.01834101
-0.00686046  0.03430275  0.105411   -0.02925352 -0.0088549  -0.1125746
  0.02740475  0.00547767 -0.08789194 -0.05708166  0.02391818 -0.02883325
 -0.00578598  0.02739416 -0.20066726  0.01758594 -0.00424317 -0.01484751
  0.06808745  0.01172503  0.09778995  0.08463257  0.06099457  0.06084435
  0.0071716   0.02757669  0.05295417  0.01724201 -0.02075306 -0.03100159
 -0.00419165  0.00933344  0.02929552  0.01127829  0.01051735  0.03847491
 -0.02000499  0.07694586  0.01989417 -0.02565815  0.03119723  0.06406534
 -0.0903873  -0.15968833  0.07271292
-0.0032936   0.02060848  0.17736975 -0.065401    0.01304381 -0.00617731
  0.04516324  0.01249299 -0.09177291 -0.05963605  0.03280481 -0.01869093
  0.02475377  0.01309317  0.05292515  0.00961297  0.01414247  0.03003089
  0.03968771 -0.05685576 -0.02475817 -0.06976954  0.0327447   0.07340559
  0.08997788 -0.03374451 -0.03684072 -0.0005192  -0.02859567 -0.13013562
 -0.01281212 -0.00714074  0.05665984  0.00799679  0.00711966  0.03762131
  0.0491984  -0.00101562 -0.02488339  0.02815883  0.06108092  0.03463814
  0.07525738  0.10333202 -0.13250173
-0.0224957  -0.01601003 -0.02426612 -0.0037034   0.01752737  0.1590048
  0.01645355  0.01292493  0.07097491 -0.04518721  0.02206167 -0.12056086
 -0.00455547 -0.00913987 -0.17876332  0.00092273 -0.0174111  -0.00672628
  0.08306974  0.09147881  0.05467434  0.06329693 -0.00410538  0.03376334
 -0.04902365 -0.00734212  0.02465843  0.02406418  0.01478675 -0.03931219
 -0.01033794 -0.00647819 -0.00347836 -0.01035999 -0.01392275 -0.00549575
  0.03551675 -0.0458479  -0.01475218  0.00818663 -0.02975208 -0.04476845
  0.07129924  0.11924222 -0.03440503
 0.01037702  0.02699843  0.06586451 -0.01521183 -0.03326618 -0.07951162
  0.02309305  0.01445831  0.01142614 -0.02301894 -0.0039683   0.00244868
  0.03201966  0.00147019  0.00228196 -0.01250431 -0.00402905  0.10711885
  0.01753458 -0.01388964  0.05143135 -0.03475814 -0.03283377 -0.13636285
 -0.10292954  0.04226175  0.03063891 -0.01239315 -0.00078746  0.00235761
  0.02202674  0.0123097   0.03602809 -0.00599019  0.01528381  0.08939862
  0.02418382 -0.00067223 -0.00649579 -0.04842047 -0.06676465 -0.04371638
  0.07582321  0.05618206  0.06839593
 0.00272281  0.00755809 -0.0198605  -0.00364532 -0.01126962 -0.03950773
  0.01436822 -0.00113945 -0.008863   -0.0046951  -0.01741825  0.00781896
  0.01849675 -0.01158775  0.04309699 -0.01307957  0.00060912  0.03756615
  0.02826931 -0.01183034  0.0026701   0.04310292  0.03120563  0.09325245
  0.04077509  0.02215897  0.09522165 -0.04337035 -0.00455436 -0.02630383
 -0.02695159 -0.02332886 -0.22439416  0.00400937 -0.01267796  0.06592121
  0.01006901 -0.02721044 -0.00904514 -0.01720023 -0.0176428  -0.04072513
  0.04390593  0.0102968   0.02648007
-0.01967524  0.03059543 -0.00407131  0.01263096 -0.01270134 -0.0162661
  0.01124922  0.02090193  0.04858213  0.00217471 -0.03723756 -0.05071382
  0.00953923  0.01131191 -0.01015927  0.00280702 -0.0008882   0.02245741
 -0.02703775 -0.02444851  0.00367162  0.02926154 -0.01011716 -0.04733147
 -0.02386191  0.04451662  0.02474619  0.0066033  -0.03811299  0.02614175
  0.01298687  0.01502734 -0.02867872  0.01297148 -0.00273823  0.01698755
 -0.0756664   0.0393934   0.0469253   0.06134685  0.1820151  -0.01996386
  0.02427844  0.01697722 -0.0554228 
 0.00845578 -0.03601161 -0.0385535   0.00349318  0.00598074 -0.01656229
 -0.01656272  0.01268381  0.0209691   0.01535179 -0.00711153  0.04647205
 -0.03062833 -0.00891161 -0.1101758  -0.0061543   0.01667906  0.04033237
 -0.00218349 -0.00910155 -0.08985195 -0.07935974 -0.05220447 -0.00139526
  0.07903958 -0.03007031  0.06708218 -0.00924812  0.0050166  -0.01787708
  0.01874777  0.00795165  0.03321433  0.02069927 -0.00598891  0.07946881
 -0.02278548 -0.03427621 -0.00689125  0.00904489  0.01240516 -0.02053827
 -0.00306064 -0.01104564 -0.00430324
 0.00366645  0.02146787 -0.00020953  0.00654445 -0.00886568  0.04278237
  0.01305273 -0.03891316  0.00607797  0.01481216  0.01051854  0.01711435
  0.03571588 -0.03670445 -0.04187538 -0.03079454 -0.02967596 -0.05411104
 -0.03833693 -0.08324744 -0.00279268 -0.04384099  0.06718762  0.03440251
  0.01800569  0.03542893  0.01444207  0.01902126 -0.02389697  0.05687994
  0.01079858 -0.00386825  0.02535315 -0.05920319  0.03211173 -0.00040104
  0.03732843  0.0129414   0.00783421 -0.04482981  0.02423699 -0.0356313
  0.0911855  -0.0262449   0.03152076
 7.55480828e-04  5.24273881e-02 -1.40677877e-03  1.13907518e-02
 -2.19375679e-02  4.47838020e-03 -1.68477555e-02  2.71253805e-03
  5.56184082e-02 -1.03863036e-02  1.44612578e-02  7.20876434e-02
 -1.26887127e-02  1.83046538e-02 -4.23041294e-02  2.57438711e-02
  6.57328195e-05  5.34953362e-03 -1.81450334e-02 -9.58613587e-02
  2.81063624e-02  3.61838570e-02  3.89082394e-02  7.15495761e-03
  2.43838318e-02 -6.21843997e-03 -1.23024131e-02 -3.44680401e-02
 -2.87955286e-02 -8.39976395e-03 -4.13138532e-03  1.75626650e-02
  1.39368822e-04  3.91080757e-02 -6.25115749e-05 -2.57138985e-02
 -6.02239719e-02  1.74631030e-02  1.64655639e-02  1.84206968e-02
 -6.14671767e-02  2.68773491e-02 -2.36223630e-02  8.98927911e-02
  7.37483055e-03
 0.03054286 -0.0088117  -0.05230785  0.00673657 -0.02750584 -0.00474256
  0.01068334 -0.01445324  0.00632142  0.02921161  0.02327741  0.07627473
  0.00300101 -0.01200909 -0.00051021 -0.00627998 -0.02611404 -0.01148615
  0.03012763  0.03562299  0.01950526 -0.00682585  0.03566822  0.00357462
 -0.04172535  0.02305529 -0.02845341 -0.02836139  0.03357318 -0.09116941
 -0.01531993 -0.02438413  0.01686901  0.00546311  0.03793586  0.02040147
 -0.00487136  0.00804493  0.01988243  0.00156473  0.0452908  -0.00469759
  0.01081388 -0.00128288 -0.00659674
 0.00585883  0.01659397  0.03029391 -0.00176755 -0.00369521 -0.04358221
 -0.0099425   0.02221952  0.07844208 -0.01016993  0.01656139  0.02481355
  0.00122558  0.01303667 -0.00072895  0.00698221  0.00722734  0.01262682
  0.00057722  0.04468791 -0.00955773  0.01762658 -0.00557973  0.03054579
  0.01703699 -0.07850301 -0.04634169 -0.00692258  0.00155235  0.0090704
 -0.00159993  0.00540899  0.00213826 -0.00266743 -0.02896236 -0.02902865
  0.01158446  0.01618047  0.00706621 -0.02766947  0.03001227 -0.03296054
  0.05482836 -0.01948274  0.03367686
-2.14777853e-03  1.81154500e-02 -8.22137594e-03  8.91288149e-04
 -4.85183705e-03 -2.67075710e-04  1.70862134e-02 -6.84722693e-04
 -7.36237081e-03  1.44194350e-02  2.45032712e-02 -3.49896914e-02
  1.73820224e-03 -1.01925844e-04 -1.44494931e-02  1.26219602e-03
  1.21374521e-03  5.09433989e-02 -6.76764147e-02  5.37297347e-02
  1.25301457e-02 -2.03158517e-02  5.01240698e-02  1.18061637e-02
  4.66478754e-02  2.30461842e-02 -6.62118153e-02  3.62951942e-03
  3.69566297e-02  2.65247721e-02  1.65424108e-02  6.29561038e-03
 -1.38111456e-02 -5.69135175e-03  1.54334425e-02  4.58168770e-02
 -1.13656938e-02 -4.42546031e-05  1.82946160e-02 -1.01854663e-03
 -8.98368291e-03  4.09157045e-03 -2.30125242e-02  2.29862404e-02
  6.33758236e-03
-0.00668043 -0.0781209   0.03560307  0.01747015 -0.00382467 -0.01575591
 -0.01631025 -0.01704497  0.02081046 -0.01726852 -0.0505116   0.00898271
  0.02187746  0.00622814 -0.00350723  0.00606783 -0.03753159  0.0007318
 -0.0026025   0.03375083 -0.01667494 -0.02523802  0.01220297  0.02889031
 -0.0114673   0.01840364  0.00080775  0.00809481 -0.01859569  0.0043683
 -0.00227285 -0.00788926 -0.00311184 -0.02613692  0.00930596 -0.00588784
 -0.03792057  0.03311037  0.01492129  0.02200405 -0.02566142  0.02548214
  0.01131892  0.02024849  0.00804446
-0.00233239  0.03986966  0.02300944 -0.0293719  -0.02615624 -0.02545593
  0.03612012  0.02219764  0.06387332  0.02111723  0.01819853 -0.0057691
 -0.00056617 -0.02720894  0.00168076 -0.01395778 -0.00837402 -0.01538445
  0.01985081  0.01048877 -0.04797288 -0.01961949  0.01333288  0.0122287
 -0.02642598  0.0188362   0.01852278  0.02907023  0.00358709  0.01141588
 -0.00548462 -0.00953894 -0.00784499 -0.01460062  0.01534193 -0.00844734
  0.00670901 -0.02244109 -0.00262929  0.00697855 -0.01577654  0.02621881
 -0.03923873 -0.00019551 -0.02353338
-0.0077033  -0.00834568  0.01023474  0.01673781  0.01150863 -0.00888618
 -0.01595202 -0.01344579  0.00405336 -0.02286507  0.00375858  0.01415207
  0.0101875   0.01897492 -0.01370286  0.00576101 -0.00015526  0.05282927
 -0.00393443 -0.01843265 -0.00370501 -0.00581563  0.03881102  0.00820944
 -0.02596148  0.01785127 -0.01069555 -0.00075604  0.01206777 -0.0008126
 -0.00655284  0.01302282  0.00044882 -0.00834816  0.00013128 -0.03856708
  0.00918445 -0.05820004 -0.03748267  0.04758414  0.00620192 -0.04102705
 -0.0121947  -0.03271199 -0.01072712
 0.0084522   0.03647227 -0.02032088 -0.00359566 -0.00166629  0.02202663
 -0.01701697 -0.03071111 -0.03118058 -0.00341581  0.0169705   0.00774721
  0.01247903  0.02783719 -0.00399017  0.01952516 -0.00537874  0.03924534
  0.03242785  0.00144535 -0.05218247  0.00641765  0.00396637 -0.00037045
 -0.02638354 -0.02261425 -0.00622635  0.03456622  0.00122036  0.01549143
 -0.0046018   0.00355634 -0.01331006 -0.01544796  0.00288462  0.00635288
 -0.02240453  0.01773765  0.0099048  -0.00567865 -0.00235111  0.0318441
  0.02212631 -0.00547901 -0.00058275
 0.01369943  0.00334245 -0.02516511 -0.02405942 -0.01133609 -0.00199541
  0.03238486  0.02577317 -0.00630327 -0.00956869 -0.02860593 -0.00880888
  0.00881816  0.02372623  0.00142113  0.00969865 -0.01846197 -0.01695738
  0.01138182 -0.01291613 -0.00594535 -0.01252772  0.00330413  0.0210151
 -0.01240512  0.00932119 -0.01405346 -0.02565625  0.02528361 -0.00082737
  0.03841832  0.04461787  0.00601927 -0.00516041 -0.0408523   0.00245843
 -0.01062667 -0.00732746 -0.00160569  0.00346904 -0.0074115   0.0075955
  0.01313801 -0.00859972  0.00189943
 0.00054984 -0.03194367 -0.01835014 -0.01712556 -0.00341533 -0.00477997
  0.04564068  0.0047793  -0.00641054  0.01560599 -0.01261984  0.00143001
 -0.00694785 -0.00803347 -0.01140982 -0.00356678  0.00469945  0.05236497
  0.00469449 -0.02525784 -0.00299473  0.01520467 -0.02108911  0.0202319
 -0.00103322  0.00785748 -0.01713743  0.00431388 -0.01030631  0.00681323
 -0.00343319 -0.01782153  0.00488564  0.00273422  0.00950535 -0.03524895
  0.01522185  0.00978011  0.01799844 -0.02463864  0.00424143  0.0002386
 -0.00609821  0.00558011 -0.0033594 
 1.14637171e-02  1.87662712e-02  8.59044975e-05  8.51420254e-03
 -2.52234077e-03  4.52043134e-03 -4.91539915e-03 -3.55966443e-03
 -4.62883032e-03 -5.70126303e-03  1.54603660e-02 -2.01996109e-03
  2.10855842e-03  4.66256103e-03  5.20726912e-03  4.92060329e-03
 -9.43320331e-04  1.86629240e-02  3.00902311e-03  2.91422749e-02
  7.19920686e-03 -3.09930370e-02  9.94438439e-04 -7.81946632e-03
  2.57133151e-02  2.74899137e-02  4.58693740e-02 -1.90277279e-02
  8.14878125e-03 -8.76110270e-03  1.93566313e-03  1.14755352e-02
  4.16745309e-03 -7.35598650e-03 -1.25244649e-02 -5.99442371e-02
 -5.81229191e-03  8.12422645e-03  1.03078281e-02 -2.38006058e-02
  9.31549344e-03  8.32737634e-03 -4.36351855e-05  9.52251367e-03
  4.79150871e-03
 0.00725695  0.03601238  0.00800469  0.00789708 -0.02580998  0.01090193
  0.0025381  -0.03368001  0.00030108 -0.00741556 -0.02393199  0.00721151
  0.00857393 -0.01526344 -0.00514847 -0.01529483 -0.00120728  0.00514169
 -0.00332612  0.01706105  0.00474153  0.0078069  -0.04825946  0.01429178
  0.01194814  0.01877028 -0.02372652 -0.01763378 -0.02821074 -0.0062983
  0.00142805  0.00308953  0.00330924 -0.00662549  0.00282759  0.00188426
 -0.001386   -0.02195401 -0.00502321  0.01315538 -0.00430781  0.00978223
  0.00353508 -0.01392809  0.00248797
 0.00336614  0.00168732 -0.0157011  -0.01523445  0.00318242 -0.00045815
  0.03779354 -0.005355    0.00719187 -0.02368141 -0.01052749  0.01128674
  0.01277959  0.05186581  0.00279126  0.01655376  0.00513785 -0.01826336
 -0.00658669  0.01816131 -0.00067304 -0.00243772  0.00202961 -0.01403796
  0.0181892   0.00218186  0.00912444  0.00826831 -0.01452003  0.01144248
 -0.02066508 -0.00435814  0.00243675  0.01909615  0.03635347 -0.00071855
  0.00959478 -0.01084342 -0.00459519  0.00504124 -0.00119494 -0.00347427
  0.00574785 -0.00040064  0.00584873
 5.55364560e-03 -1.48292014e-02  3.01898358e-03  1.93212980e-03
  1.75689064e-02 -7.97270537e-03  5.63512106e-03 -1.20664438e-02
  1.57969351e-02 -1.85754003e-02  4.89072555e-02 -1.69793568e-03
  3.09339787e-03 -3.80312308e-05  5.21045187e-03  1.65502890e-02
 -1.49607049e-02 -7.29619714e-03  6.16402004e-03 -1.68663675e-02
  9.39437601e-05  7.88196210e-03 -3.72852400e-02  4.86619464e-03
  1.14337286e-02  3.09943907e-02 -8.31778622e-03 -5.90877068e-04
  2.83982673e-02  1.03133365e-02 -4.63673893e-03 -6.35572278e-03
 -2.01069210e-03 -2.31784983e-03 -2.64951146e-03  7.43591168e-03
 -7.66117214e-03  3.50622998e-03  1.24766286e-03  9.97616211e-03
 -6.02783985e-04  4.67014584e-03  9.40023368e-03 -5.13432516e-03
  1.27790594e-03
 0.01626896 -0.00303799  0.00160022 -0.00177612  0.01148715 -0.00186213
 -0.00700863  0.02542293  0.00147164  0.01346183 -0.000615    0.00258437
 -0.00599126  0.00429185 -0.00221853 -0.01678687  0.03942489 -0.00300563
  0.01020351  0.00487024 -0.00371705  0.01388748  0.00482987 -0.00979935
  0.01506533  0.0283293  -0.01130117  0.01473788 -0.00588866 -0.01177952
  0.00846582  0.00920612 -0.00391355 -0.00923006  0.01466552 -0.00899706
 -0.02037133  0.00773999  0.00031815  0.00623067 -0.02475321 -0.00502441
  0.03016921 -0.01853639 -0.01616177
-0.01910393  0.00871589 -0.00071068  0.01106302  0.01413187  0.00080848
 -0.01542853  0.01365104 -0.00377125 -0.00298139 -0.00066312  0.01307734
  0.00117546  0.00367388 -0.00054247  0.01268593 -0.01106881 -0.00488674
  0.01809804  0.00946997 -0.01951996 -0.00289876 -0.00014806  0.00581145
 -0.00072063  0.03397195 -0.01778801  0.00118315 -0.02463852  0.00537449
  0.00321221  0.01113244 -0.00090212  0.01937939 -0.00892584  0.00825637
  0.02406548  0.0117613   0.00970961 -0.01763912 -0.00057379 -0.02368728
 -0.0145721   0.00591419 -0.00581423
 0.00664915  0.01115658 -0.00866752 -0.00242491  0.01574135  0.00118822
  0.00175715  0.01058497 -0.004355   -0.00491417  0.00492726  0.00594739
  0.00042121  0.00389136 -0.00076453 -0.01048887  0.02288679  0.0010114
 -0.00072167  0.00167413 -0.00060317 -0.01078863 -0.01140261  0.01740708
 -0.01196746 -0.00192941  0.00499    -0.0091906  -0.0014225   0.0027023
  0.00430525  0.00085     0.0002165  -0.02432854  0.00875812  0.00063913
  0.02157     0.03149807 -0.00231756  0.03836365  0.00407596 -0.00531986
 -0.0127243   0.01639485  0.02350095
 0.02546996  0.00224127  0.00045403  0.00092449  0.00957506  0.00162788
 -0.01342389  0.01730504 -0.00152352 -0.01020258  0.00766912 -0.00513402
 -0.00107829  0.0064317   0.00048412 -0.00194768 -0.00427143  0.00171031
 -0.01332213 -0.00110822  0.01188785 -0.01331858 -0.01324571  0.02460039
 -0.02362148 -0.00907544  0.00331728 -0.01379994 -0.00988724  0.01058597
 -0.01044812  0.00947289 -0.00052843 -0.00136125  0.02594011  0.00596465
 -0.01482955 -0.00700313  0.00704468 -0.02247965 -0.00242209 -0.00617283
 -0.00680785 -0.00516073 -0.02364628
-0.0135198   0.01071852 -0.01232084 -0.01669392  0.00601981  0.00200799
 -0.00057333  0.01348864 -0.00226396 -0.01568    -0.00219469  0.01416641
 -0.01197553  0.00027922  0.0011187   0.00450098  0.00459     0.00301792
 -0.01949739  0.00522604  0.01172392 -0.01019786  0.00011359  0.00680534
 -0.0089707   0.01131022  0.00190726  0.01278566 -0.00915207 -0.003071
 -0.01621166 -0.03412748  0.00742204 -0.01061317 -0.03430658  0.00565591
 -0.0114525  -0.00235435 -0.00097094 -0.00104313 -0.00430392  0.00302487
  0.00860118 -0.00673225 -0.00464904
-0.00182223 -0.00801852  0.0018629   0.00426644  0.00681854 -0.00375057
 -0.00259628 -0.02123043  0.01284481 -0.0095359  -0.00714198  0.00738652
  0.0051476   0.0181422  -0.00084569 -0.01404453  0.03152197 -0.00707216
  0.00269268 -0.00626985  0.00175334  0.00382015  0.00037061  0.00010697
 -0.00295002  0.00594441 -0.00390313  0.00724786  0.00947066 -0.00544835
 -0.0019418   0.0105195  -0.00166279 -0.02456549 -0.01244457  0.01010871
  0.00458714 -0.01370648  0.0126385  -0.02624726  0.01176823  0.00799929
 -0.01732443  0.01265198 -0.00392613
-2.01884618e-02 -6.69863996e-03 -4.11263971e-03  7.28027617e-04
 -2.63484663e-03 -5.51520241e-04  2.12396028e-02 -1.94645436e-02
  1.58776293e-04 -8.59931202e-03  1.82717884e-02  5.11648438e-03
 -1.11701129e-02 -8.44968764e-03  4.15496509e-03 -4.30214884e-03
  5.65888531e-03  1.16412175e-03 -7.42453566e-04  7.58406361e-03
  2.79213267e-03 -2.81691420e-03  6.28168035e-03 -5.26511125e-03
 -4.99053448e-03 -1.24702329e-02  7.38981580e-03 -1.30340188e-02
 -1.42768032e-02  2.83259088e-03  1.57336070e-04  2.05087303e-02
 -6.81033405e-04 -4.92049363e-03 -6.40740484e-03  3.55811079e-03
 -5.27251425e-05  9.18152716e-03  2.35195863e-02  1.02891212e-02
 -1.54491107e-02 -9.53325165e-03  3.67716566e-03 -1.29971196e-02
 -2.11993792e-02
-4.12511881e-03  2.71675527e-03 -2.07997458e-03 -1.23172686e-02
 -1.79384708e-02  1.06460253e-03 -1.13652248e-02  9.34213677e-03
 -2.00335628e-03 -1.26692650e-02 -8.23365375e-03  4.35382413e-03
 -6.79375502e-04 -4.26051740e-04  7.31726608e-04  1.84813637e-02
 -1.14874601e-02  1.11200088e-05  4.23803771e-03 -2.64520943e-03
  3.72032535e-04  1.21878116e-02 -3.68723588e-03 -1.21020542e-02
  1.61998741e-02 -5.17967498e-03  8.00232397e-04 -3.59611138e-03
  8.39148241e-03 -1.68865057e-03  1.06504819e-02 -1.01266638e-02
 -8.88218113e-04 -3.66268550e-02  1.39401842e-02 -1.94928792e-04
  3.54096361e-03  3.08694276e-03  7.55804306e-03 -1.89182503e-03
 -3.43077258e-03 -1.87564625e-02 -1.16330837e-02 -1.68955521e-03
 -1.33705794e-02
-5.52430167e-03 -9.77616681e-04  4.29231444e-03 -4.46118546e-03
 -3.30747160e-02  4.68742770e-03 -1.13284288e-02 -6.67718986e-03
 -1.55966362e-03 -1.71334617e-02 -6.36336684e-03 -5.26933161e-03
 -1.71151078e-02  4.09148622e-03  1.09976147e-03 -9.25060160e-03
  1.78066522e-02 -3.26265438e-03  2.49872574e-03 -3.15580115e-03
 -7.50375772e-03 -6.83943557e-03  3.00911424e-05  9.72696789e-03
 -5.75200348e-03  8.06667109e-03 -8.69549418e-04 -2.80204528e-03
  2.43298424e-02  1.00552385e-02 -6.48196345e-03 -6.44444607e-03
  2.15904547e-03  2.17256596e-02  5.14526571e-03 -2.24476571e-03
  9.22600187e-04  1.37727945e-02  1.82228846e-03 -7.71274813e-04
 -1.18327620e-03 -1.02125862e-02  3.96064242e-03 -1.46791378e-03
 -1.80048051e-03
 3.51542813e-02 -1.15636850e-02  5.12795425e-05 -8.62658563e-03
 -2.31457170e-02  6.98980898e-05 -6.12989061e-03 -4.38741382e-03
 -1.38896825e-03  6.79273788e-03  1.21031765e-02 -5.68619474e-03
 -5.02075309e-03  8.83253759e-03  1.39416864e-03 -7.85466359e-04
 -6.54178845e-03 -8.95198544e-04 -3.00983531e-03 -1.03912955e-03
  2.78554367e-03  5.24302736e-04  1.55424398e-03 -1.96276934e-03
  4.28295094e-03  2.85272463e-03  3.18178329e-04  1.82539791e-02
 -1.80935910e-02 -1.62507441e-03 -1.10090546e-02  8.19766125e-03
 -4.31999019e-04 -1.56646145e-03 -2.02461693e-02  2.90745388e-03
  8.68506192e-03  5.30857479e-04  6.16710071e-03  9.62365187e-03
 -4.65050172e-04 -1.26140642e-02 -7.56489854e-03  3.61532905e-03
  2.87341856e-03
-6.84863043e-03 -1.46766805e-02 -9.76911871e-03 -1.21799435e-02
 -1.22383060e-02  3.24287824e-04 -3.61044954e-03  5.42022612e-03
 -2.55748310e-03 -1.74640305e-02  1.61433440e-02  9.27738429e-04
 -9.01527710e-03 -1.39437550e-02  4.60736744e-03  2.97373047e-03
  8.76078654e-03 -5.61371832e-04  3.65664689e-03  4.58689498e-03
 -4.73048270e-03  2.41651577e-03  6.30025343e-03 -1.64115474e-03
 -1.05020351e-03  3.94306529e-03 -5.53803174e-03 -4.92329995e-03
 -2.05302055e-02  3.83663271e-03  7.14069337e-03  1.09640931e-02
 -1.18531166e-03 -5.70553768e-03  8.15775894e-03  2.24157757e-04
 -9.41970781e-03 -6.86989083e-03 -2.35485485e-02 -8.38897465e-03
  1.30734511e-02  1.02521441e-02  1.22164744e-06  7.06624799e-03
  1.38547175e-02
 0.01693137 -0.00313721 -0.00326179 -0.00290047  0.00235151 -0.00122613
 -0.00081958 -0.00454509  0.0002699  -0.01228624  0.00451401 -0.00202131
  0.0271542  -0.00906257 -0.00212427 -0.00195828  0.01264849 -0.00198007
  0.00577679  0.00267928 -0.00461581  0.00104685  0.00910421 -0.00429617
 -0.00092417 -0.0032641  -0.00075446 -0.01145261 -0.00663365  0.00910398
  0.0200475  -0.02461142  0.002058    0.01161056 -0.00830735 -0.00084274
 -0.00208419 -0.00085545  0.00597     0.00124335 -0.00221724 -0.00303648
 -0.00609073 -0.00080625 -0.00696409
-0.01120024 -0.00268226 -0.00512966  0.01287021 -0.01552934  0.00223659
  0.00336859  0.01608942 -0.00545995 -0.00789559  0.00772373  0.00783657
  0.02826413 -0.00394211 -0.00079434 -0.00808296  0.00124835  0.00024735
 -0.00779592 -0.00066575  0.00412252 -0.00032067 -0.00919158  0.00275453
  0.00120045 -0.00504817  0.00247723  0.01925734  0.00468261 -0.00635823
 -0.00135019  0.00926003 -0.00234495  0.00369429 -0.00083351 -0.00245315
 -0.00113073  0.00289644 -0.00079629 -0.00029128 -0.00147586 -0.00030358
 -0.0029652  -0.0007014  -0.0020679 
 0.00619595  0.0048786  -0.00039353 -0.00444304  0.00772719 -0.00087655
  0.00965852 -0.0159528   0.00357176 -0.00196033 -0.00560748  0.00233873
 -0.0004484  -0.00661277  0.00036678  0.00207385 -0.00146704 -0.00053247
 -0.00300596  0.00189008  0.00183442 -0.00161571 -0.00198253  0.00153013
 -0.00063209 -0.00153005  0.00045523  0.01169827  0.00291865 -0.00584723
  0.00546215  0.00436873 -0.0020735   0.00196713 -0.00171675 -0.00068443
 -0.01194487  0.01829364 -0.02443147 -0.00872866 -0.00150769 -0.01729027
 -0.00821563  0.00219396 -0.00694201
-6.95843080e-03 -2.23035961e-03  5.18431242e-03  1.26488347e-02
 -1.18409806e-02  1.09362345e-03  4.25756160e-03 -2.41488738e-03
 -6.12825330e-06  1.54344507e-02  9.78362494e-03 -1.90027826e-03
 -4.38122031e-03  1.72902636e-02 -5.19096417e-04  1.42096051e-02
  8.21677316e-03 -3.42600554e-03 -3.25968512e-03 -2.99683375e-04
  3.77851616e-03 -5.67996068e-03 -5.53898382e-03  7.63966889e-03
 -7.02810113e-03  3.45434549e-04  2.19051113e-03  4.44410646e-04
 -7.30911692e-03 -3.71574143e-03  2.08547497e-02 -1.13593923e-02
 -3.25557407e-03 -2.68626212e-03  5.51122239e-04  2.15240437e-04
 -9.73412787e-04 -1.57552316e-03 -6.01654675e-03 -2.41582596e-03
 -8.24478242e-04 -1.89124930e-03  1.04210372e-03 -1.05701196e-03
 -1.56019971e-03
 3.64762826e-03 -1.84470830e-04  2.30232073e-03  1.96686371e-02
 -5.48612525e-03  2.43497566e-03  1.22312946e-02  7.72100264e-03
 -3.32983450e-03  1.33431415e-03  1.20895635e-03 -2.07903318e-03
  6.16679069e-05  4.45284709e-03 -5.77727410e-04 -5.19905825e-03
 -3.69711770e-04 -1.85793474e-04  6.76201824e-03 -3.72766708e-05
 -7.33867125e-03  3.95551456e-03  4.07356263e-03 -4.26034608e-03
  3.13356478e-03 -1.97309591e-04 -2.63282124e-03 -1.35810515e-02
 -5.63088883e-04  7.59002771e-03 -1.65629022e-02 -5.80259061e-03
  5.05877685e-03 -9.64261479e-03 -7.13168125e-03  4.47977484e-03
 -5.95431294e-03  5.14446538e-03 -1.21474029e-02 -3.29154994e-03
 -2.16144726e-04 -2.52134408e-03 -2.92872130e-03  7.63647353e-04
 -2.94604577e-03
-0.01138549 -0.00169153 -0.00166616 -0.01586471 -0.00021571 -0.00071497
 -0.00813868 -0.00294114  0.00080138  0.00958463  0.00718288 -0.00180522
  0.00811935  0.01460706 -0.00105911 -0.01992861 -0.00858147  0.00114027
  0.00088707  0.00037679  0.00069576  0.00154857 -0.0024545  -0.00036483
  0.00228657  0.00047114 -0.00035117 -0.0081304  -0.00251048  0.00061139
  0.0001705  -0.0026401   0.00132473 -0.00026928 -0.000834   -0.00111757
 -0.00399072  0.00360768 -0.00605985 -0.00090346 -0.00093942 -0.00258239
 -0.00208787  0.00018126 -0.00236977
 4.02890889e-03  1.70498567e-03  5.37037992e-05  9.39486397e-03
  2.78280463e-03  4.14212516e-04  4.08622950e-03  2.65247344e-03
 -8.28107194e-04 -1.27371150e-02  1.51400457e-03  2.96965771e-03
 -1.37788257e-02  5.63555526e-03  2.53004183e-03 -1.77142327e-02
 -1.19541573e-02  1.12756077e-03  1.97066117e-04 -2.95460236e-04
 -1.06648967e-03  1.90371217e-03  1.21719773e-03 -1.96311804e-03
  1.50750914e-03 -1.94803647e-03 -3.51591929e-05  7.15732490e-03
 -1.26327996e-03 -1.32329155e-03  1.42275953e-02 -5.57864632e-03
 -2.58306869e-03  1.04587790e-03  1.55598251e-03 -1.10842811e-03
  1.14134198e-03 -1.79341814e-03  1.99564361e-03 -4.40691977e-04
  9.20809417e-04  1.64246274e-03 -8.87777229e-04  8.98970477e-04
  7.89137768e-04