45 1
1.116787120699882507e-01
-4.289217665791511536e-02
4.164418280124664307e-01
1.088113263249397278e-01
6.598567962646484375e-02
7.562199831008911133e-01
-9.639296680688858032e-02
9.091565757989883423e-02
1.884592920541763306e-01
-1.180950403213500977e-01
-5.094385147094726562e-02
5.295845270156860352e-01
-1.436984091997146606e-01
-5.524170026183128357e-02
7.048571109771728516e-01
-1.918291673064231873e-02
9.233684837818145752e-02
3.379135131835937500e-01
-4.570329785346984863e-01
1.962839514017105103e-01
6.254575252532958984e-01
-2.146523743867874146e-01
6.599828600883483887e-02
5.068942308425903320e-01
-3.697243630886077881e-01
6.034462526440620422e-02
7.949022948741912842e-02
-1.418696939945220947e-01
8.585263043642044067e-02
6.355282664299011230e-01
-3.033415973186492920e-01
5.788097530603408813e-02
6.313892006874084473e-01
-1.761208921670913696e-01
1.320930719375610352e-01
3.733545839786529541e-01
8.509643077850341797e-01
-2.769227325916290283e-01
9.154807031154632568e-02
-4.998394250869750977e-01
-2.655647136270999908e-02
-5.288087576627731323e-02
5.355591773986816406e-01
-4.596104100346565247e-02
2.773580253124237061e-01
